0.0,0.0,0.0,0.0,0.0,0.0,0.0,0.0,0.0,0.0,0.0,0.0,0.0,0.0,0.0,0.0,0.0,0.0,0.0,0.0,0.0,0.0,0.0,0.0,0.0,0.0,0.0,0.0,0.0,0.0,0.0,0.0,0.0,0.0,0.0,0.0,0.0,0.0,0.0,0.0,0.0,0.0,0.0,0.0,0.0,0.0,0.0,0.0,0.0,0.0,0.0,0.0,0.0,0.0,0.0,0.0,0.0,0.0,0.0,0.0,0.0,0.0,0.0,0.0,0.0,0.0,0.0,0.0,0.0,0.0,0.0,0.0,0.0,0.0,0.0,0.0,0.0,0.0,0.0,0.0,0.0,0.0,0.0,0.0,0.0,0.0,0.0,0.0,0.0,0.0,0.0,0.0,0.0,0.0,0.0,0.0,0.0,0.0,0.0,0.0,0.0,0.0,0.0,0.0,0.0,0.0,0.0,0.0,0.0,0.0,0.0,0.0,0.0,0.0,0.0,0.0,0.0,0.0,0.0,0.0,0.0,0.0,0.0,0.0,0.0,0.0,0.0,0.0,0.0,0.0,0.0,0.0,0.0,0.0,0.0,0.0,0.0,0.0,0.0,0.0,0.0,0.0,0.0,0.0,0.0,0.0,0.0,0.0,0.0,0.0,0.0,0.0,0.0,0.0,0.0,0.0,0.0,0.0,0.0,0.0,0.0,0.0,0.0,0.0,0.0,0.0,0.0,0.0,0.0,0.0,0.0,0.0,0.0,0.0,0.0,0.0,0.0,0.0,0.0,0.0,0.0,0.0,0.0,0.0,0.0,0.0,0.0,0.0,0.0,0.0,0.0,0.0,0.0,0.0,0.0,0.0,0.0,0.0,0.0,0.0,0.0,0.0,0.0,0.0,0.0,0.0,0.0,0.0,0.0,0.0,0.0,0.0,0.0,0.0,0.0,0.0,0.0,0.0,0.0,0.0,0.0,0.0,0.0,0.0,0.0,0.0,0.0,0.0,0.0,0.0,0.0,0.0,0.0,0.0,0.0,0.0,0.0,0.0,0.0,0.0,0.0,0.0,0.0,0.0,0.0,0.0,0.0,0.0,0.0,0.0,0.0,0.0,0.0,0.0,0.0,0.0,0.0,0.0,0.0,0.0,0.0,0.0,0.0,0.0,0.0,0.0,0.0,0.0,0.0,0.0,0.0,0.0,0.0,0.0,0.0,0.0,0.0,0.0,0.0,0.0,0.0,0.0,0.0,0.0,0.0,0.0,0.0,0.0,0.0,0.0,0.0,0.0,0.0,0.0,0.0,0.0,0.0,0.0,0.0,0.0,0.0,0.0,0.0,0.0,0.0,0.0,0.0,0.0,0.0,0.0,0.0,0.0,0.0,0.0,0.0,0.0,0.0,0.0,0.0,0.0,0.0,0.0,0.0,0.0,0.0,0.0,0.0,0.0,0.0,0.0,0.0,0.0,0.0,0.0,0.0,0.0,0.0,0.0,0.0,0.0,0.0,0.0,0.0,0.0,0.0,0.0,0.0,0.0,0.0,0.0,0.0,0.0,0.0,0.0,0.0,0.0,0.0,0.0,0.0,0.0,0.0,0.0,0.0,0.0,0.0,0.0,0.0,0.0,0.0,0.0,0.0,0.0,0.0,0.0,0.0,0.0,0.0,0.0,0.0,0.0,0.0,0.0,0.0,0.0,0.0,0.0,0.0,0.0,0.0,0.0,0.0,0.0,0.0,0.0,0.0,0.0,0.0,0.0,0.0,0.0,0.0,0.0,0.0,0.0,0.0,0.0,0.0,0.0,0.0,0.0,0.0,0.0,0.0,0.0,0.0,0.0,0.0,0.0,0.0,0.0,0.0,0.0,0.0,0.0,0.0,0.0,0.0,0.0,0.0,0.0,0.0,0.0,0.0,0.0,0.0,0.0,0.0,0.0,0.0,0.0,0.0,0.0,0.0,0.0,0.0,0.0,0.0,0.0,0.0,0.0,0.0,0.0,0.0,0.0,0.0,0.0,0.0,0.0,0.0,0.0,0.0,0.0,0.0,0.0,0.0,0.0,0.0,0.0,7.0,0
0.002932045608758871,0.002835594117641449,0.0023733228445052545,0.0011235699057579036,0.002558447420597007,0.001926951110362951,0.0011463537812233034,0.001942493021488189,0.0022270083427429165,0.00271033495664591,0.002206238918006476,0.0028238780796528487,0.00266223773360258,0.002735838294029229,0.0028947815299034123,0.003136970102787122,0.0032504722476006664,0.003084868192672729,0.002462077885866117,0.002930417656898457,0.002417940646410052,0.004890665411949213,0.0013533029705286009,0.0013262899592517696,0.0015552975237367855,0.001969316974282209,0.0013591470196842592,0.0021229488775134095,0.002016915939748231,0.0020684674382209227,0.00211719609797012,0.0023288205265999395,0.0011307764798402233,0.002001274377107509,0.00447294116020204,0.003147702664136838,0.0011014258489013828,0.002553500235080712,0.002925403416156825,0.0026957243680953355,0.003402542322874021,0.003275815397500993,0.0035830736160277796,0.0034628519788385517,0.002644546329975142,0.002282179892063155,0.003085762262344249,0.0006997194141150076,0.0010486841201781602,0.0009793601930141382,0.0015025176107883445,0.00157806277275091,0.003390180412679911,0.003164557740092277,0.00458768755197525,0.002790741622448023,0.0018878243863582648,0.003698158543556929,0.0037941783666610718,0.0013095289468765259,0.0017404966056347446,0.004449595697224141,0.004377203993499225,0.0034244228154420853,0.0010762363672255843,0.0033505111932755037,0.0035970062017440813,0.0035106055438518524,0.0037795007228851375,0.003137692576274332,0.0036628954112529273,0.004215799272060504,0.002643562853336389,0.00308347865939141,0.003601148724556025,0.0015162229537963381,0.004557803273200989,0.00426274165511142,0.004199598915874956,0.002063453197479248,0.003787824884057039,0.003353733569383628,0.0030340775847435483,0.002423923462629373,0.003167092800140388,0.003356732428073876,0.003225792199373177,0.003039665520191248,0.0037569720298051843,0.00391425378620619,0.0038367919623851217,0.0036870092153548674,0.0026838518679142037,0.005106508731842041,0.002580471336841589,0.00401024892926222,0.004187038168311119,0.001963034272193971,0.0010767709463834797,0.0019265450537205298,0.0007677804678679068,0.001122402492910624,0.001024540513754002,0.004093192517757411,0.0034416709095239605,0.003350484184920788,0.0029928702861070113,0.003323139622807503,0.002397809643298387,0.002823540009558257,0.0018396172672510078,0.0027977563440798607,0.0013831965625286102,0.002585006877780068,0.0008373223245143858,0.0014622882008554214,0.0032296925783157357,0.002230735495686531,0.0016808472573757172,0.0010978160426020056,0.0008345278911292557,0.000698680814821162,0.0011347681283951359,0.002601452171802465,0.0031763128936290732,0.0028345808386802678,0.0007356479763984715,0.005598723888397245,0.0006758040981367787,0.0009260457009077072,0.002156924456357845,0.0010479278862476347,0.0045760124921798715,0.0015710107982158106,0.001260370016097967,0.0014172829687595925,0.0019833594560622614,0.00390460342168808,0.0019267275929450989,0.004342757165432004,0.0009512091055512427,0.002583857625722941,0.000858147628605364,0.0036354139447211664,0.0016076024621725048,0.0015057818964124279,0.004222581163048743,0.0020961575210093827,0.0011867000721395016,0.0009983684867619913,0.0012776181101799011,0.001893383450806252,0.0018691048026084345,0.0014969771727919039,0.0015720697119832039,0.001651013270020426,0.0037606358528136717,0.0016806265339256445,0.0016474751755594635,0.0017115315422415733,0.0018460955470798734,0.0018670242279768023,0.005317255854606685,0.0017530210316181705,0.002429340034723282,0.0019458159804344871,0.0015294142067431848,0.0020513050258159013,0.0014804266393184072,0.0011477209627628914,0.0010237907990812162,0.0011427048593759571,0.0028418302536010603,0.0016155242919921875,0.0009846240282058646,0.0015986151993274205,0.001019024755805675,0.0033273547887801014,0.003418054431676816,0.0035356581211091202,0.003549057990312625,0.003353934735059787,0.002498105168342649,0.0040797740221024115,0.004078302532434464,0.004041647538542751,0.0035203490406274796,0.0013894848525524731,0.0008949898183345309,0.001754546537995394,0.0016711885109543295,0.0039698500186206055,0.0015577822923660278,0.00142711773514753,0.0016592387109994884,0.0012389793992043097,0.001124940812587738,0.0010823234915733411,0.0009091459214687347,0.0015048347413539331,0.002010338008403778,0.001795288175344356,0.0024787383154035165,0.0012259837239980698,0.0019357111304998367,0.0015234276652336136,0.001872048713266848,0.0018325878481845745,0.0013131648302078247,0.0008087065070867469,0.0015329010784625435,0.0012224694364704196,0.002658709941897541,0.001852121204137809,0.0016792342066764795,0.0028498694300651967,0.002725149504840374,0.0007749777287244276,0.001956179738044669,0.0013998299837111384,0.0019098818302153984,0.002197246067225932,0.002332009142264779,0.0022851803805679642,0.002312607131898404,0.002410590648651123,0.0025839693844317835,0.004272028803825378,0.002066358923911989,0.0017458200454711394,0.001320477575063761,0.0011801691725850105,0.0010523954406380653,0.0010680397972464561,0.005492851138115013,0.0011823102831840515,0.0009957738220691614,0.0023464486002921503,0.002587638795375824,0.0023173242807387607,0.0012339837849140653,0.0027247518301009572,0.002431564033031401,0.001597849652171135,0.00116397254168993,0.000864672008901668,0.0019767209887505133,0.002220438793301579,0.001403946429491154,0.003208149224519737,0.002477388828992837,0.0045889765024184894,0.0017365226522086368,0.0021073725074529683,0.0024717468768359376,0.003153815865516607,0.0016301181167364116,0.002012209035456181,0.0018961559981107688,0.002523781731724739,0.002849202603101675,0.003417611122131348,0.003072934225201611,0.0033827610313892365,0.0053266510367394465,0.004020832479000036,0.00183979794383049,0.002980854362249375,0.0026605986058712075,0.002663422375917435,0.002643352374434478,0.002686433494091138,0.002769792452454574,0.002863174304366111,0.00292531400918955,0.0026738792657852034,0.003230910748243332,0.001084247138351202,0.002212807536125197,0.0020148232579231327,0.002561399713158611,0.002018518745899145,0.0022264975123107425,0.002314012497663501,0.003684200346469753,0.002217390574514866,0.0018809866160154345,0.0025972765288315713,0.006114989519119264,0.002070654183626293,0.0022199079394340585,0.0030239449115470056,0.002987566404044628,0.0026362668722868,0.0020743757486343392,0.002263986039906685,0.002324174158275072,0.0027822870761156147,0.003133509308099712,0.0025069518014788628,0.0035847127437591405,0.004073955118656214,0.0029088035225868225,0.002657763659954071,0.0027966760098936463,0.0019622333347797394,0.003104920964688063,0.003288607113063337,0.0028006103821098804,0.00253291800618171,0.002682663500308987,0.002641299739480022,0.0026315115392208173,0.0023887045681476593,0.0032123029232025077,0.003368504345417016,0.003172650933265686,0.002878122031688689,0.002850111573934555,0.003032606095075604,0.003241002559661861,0.003190547227859615,0.00231502577662468,0.006489932537078857,0.002898094244301319,0.003058088943362236,0.0022563375532627106,0.0017809607088565796,0.0022227056324481964,0.0014382663648574436,0.0018871321808546786,0.0019038282334803466,0.003256093710660941,0.002584788948297487,0.0024169813841581327,0.002589613199234007,0.002574104815721568,0.0021664875093848623,0.0025096060708165147,0.0028423592448235053,0.0038155354559420976,0.001716319471597668,0.003460839390754644,0.0008925255388021469,0.002410955727100373,0.00439725071191789,0.00332006067037581,0.0026206970214843715,0.001962005160749016,0.0015153642743825912,0.0010938446503132575,0.0011104661971330088,0.004125088453292833,0.003660630434751511,0.0029734000563622076,0.0012850156053900734,0.006001740694046104,0.0010833140695468704,0.0015116501599550247,0.00347288325428962,0.0021194256842136322,0.006457477807998657,0.001830704510212,0.002115964889526367,0.0045112818479537894,0.005324281752109529,0.005517296493053436,0.004868090152740368,0.00466968864202498,0.003592992667108774,0.0026316009461880285,0.0014481460675597187,0.00456832349300379,0.0026418250054120983,0.002168800681829508,0.003289632499217987,0.0040926337242126465,0.003044409677386284,0.004527837038040161,0.0050144791603088535,0.00180675275623798,0.001755006611347202,0.001841565594077169,0.0040023699402808605,0.0016717910766602152,0.0019919704645871557,0.0025156941264867197,0.0028398465365171398,0.003144448623061177,0.005294501781463623,0.0029342249035835336,0.0023232046514749557,0.0022329911589621322,0.0025270767509937425,0.0043967776000499795,0.004085235297679898,0.002758445218205452,0.00562189519405365,0.0017291828989982605,0.0010856874287128587,0.0038924459367990494,0.0054766833782196045,0.0028295032680034572,0.003072984516620629,0.0032325163483619764,0.0033100061118602753,0.002430276945233227,0.002801326103508471,0.00289736595004797,0.0028894180431962013,0.002272496931254865,0.003028014674782753,0.0009637046605348623,0.0018032547086477297,0.001827910542488046,0.002731872722506521,0.0037390179932117393,0.0015073018148541468,0.0023071449249982834,0.0010634399950503817,0.0016067586839197956,0.0019939485937355804,0.002506270073354245,0.001749617047607899,0.002318145707249641,0.0021350581664592028,0.0020876023918390287,0.002456736750900744,0.002418594434857372,0.0016261432319879462,0.0033880118280649185,0.0033412217162549487,0.002302894368767739,0.004257693886756897,0.003110744059085846,0.005355745553970323,0.002061348874122016,0.001214094460010591,0.002613596618175479,0.002253614366054639,0.0027323514223098755,0.0020509120076894747,0.002010841853916589,0.002185169607400894,0.0023083724081516266,0.0029144156724215144,0.0036584548652172093,0.005496554076671586,0.0030893273651599893,0.00249908305704594,0.002017088234424588,0.0016738930717110634,0.001371804624795912,0.0014682160690427935,0.00630149245262146,0.002126988023519516,0.0015664249658585705,0.0029144808650016928,0.002760626375675201,0.0026818737387657304,0.001943945884704589,0.0029206499457360012,0.002529315650463091,0.0017441008239984478,0.0014693615958094595,0.0011885514250025706,0.003297019749879837,0.0033424720168113713,7.0,0
0.0023411959409712635,0.0026897042989730835,0.0024376958608626764,0.0028084218502044678,0.002588815987110069,0.002724319696426336,0.0031760744750499725,0.00340933538973337,0.003555806353688299,0.003996104001998957,0.006982916966080666,0.0023821368813515265,0.0023988187313080463,0.002435468137264196,0.0028361715376377106,0.002789873629808433,0.00292633473873144,0.003179926425218575,0.004057589918375078,0.002683095633983612,0.002461023628711763,0.005001902580261189,0.003407187759876196,0.003307682462036721,0.0032188491895796013,0.003443090245127678,0.0035162512212991697,0.00389040727168316,0.0038957539945840853,0.0036686873063443977,0.0034631248563528057,0.003400828689336777,0.0031667239964008327,0.0036187767982482906,0.0032925754785537165,0.0034593343734740586,0.00169459730386734,0.002277601510286276,0.002432629466056935,0.002283599227666807,0.00220898911356926,0.0023325644433498448,0.0023850724101066555,0.0021878965198993718,0.0025976300239562433,0.002459265291690729,0.004149748012423404,0.002648235298693069,0.0019641704857349326,0.001975364983081762,0.001929556950926781,0.0026611387729643665,0.004632077470887452,0.004539796151220799,0.005614839494228294,0.003770124167203957,0.0034486548975111147,0.0017572813667356966,0.0033244341611862183,0.0021031871438026498,0.0022187046706677108,0.0023232582025229922,0.0024656346067786217,0.004552967846393641,0.0017916932702064445,0.004463707096874768,0.00460324157029385,0.006813937798142492,0.005146395415067666,0.0054451534524559975,0.0043746903538704396,0.004787936806678772,0.0022906810045242865,0.0022625140845775604,0.002264991402626093,0.002104390412569046,0.002442639321088789,0.0026115942746401354,0.0025273421779276072,0.002476118505001068,0.002348514273762762,0.0024673081934452608,0.002505015581846237,0.003834605216979925,0.002971325069665909,0.002794198691844892,0.002721562981605537,0.0027851723134518225,0.002690058201551437,0.0026930775493382852,0.002623502165079061,0.00255782715976232,0.0015795566141605375,0.0031481832265853877,0.0023640692234039237,0.0026172772049903835,0.0025794003158807755,0.002376802265644129,0.001824565231800076,0.002305027097463608,0.0024352557957172394,0.0022020244505256414,0.0018040277063846586,0.006205122917890557,0.00532522983849049,0.004708537366241272,0.002515019848942864,0.004247764125466347,0.005693345796316861,0.0070877019315958014,0.003332564607262615,0.003037989139557003,0.0036657564342022493,0.0037613827735185,0.002784240059554577,0.002272129058837835,0.0026911571621894906,0.0028275344520807266,0.0026581631973385256,0.002702670637518112,0.002779903588816468,0.0028768196061719764,0.003114223480224443,0.00195508077740663,0.0038946643471717843,0.0026969313621521,0.002321815118193685,0.003077864646911649,0.0031332095386460428,0.0016650669276714288,0.0035043321549893536,0.002322625368833543,0.003221839666366577,0.003815658390522007,0.0025095045566559393,0.0019678547978401184,0.002724707126617376,0.0024090856313705032,0.002249494194984436,0.004095792770385576,0.003626034595072271,0.002428252249956124,0.001967214047908783,0.0034609287977219183,0.003563998267054617,0.003572654910385553,0.002429217100143485,0.0016786940395832062,0.0047272965312004644,0.0035239607095717868,0.0029512420296669557,0.005776761565357336,0.005406480282545034,0.003697751089930588,0.003782968968153113,0.0038224756717680775,0.003976814448833514,0.0035679722204804976,0.0043726712465285145,0.0044484045356513215,0.004266018047928699,0.004024190828204155,0.004118815064430181,0.003467395901679993,0.002453837543725912,0.0019054040312767519,0.0021995939314365387,0.002330578863620654,0.003371411934494972,0.0023629702627658913,0.0028688991442321642,0.0042223129421472575,0.0030214190483093123,0.0035633482038974797,0.0027372501790524162,0.004837855696678162,0.004085529595613479,0.0026050060987471285,0.002750687301158905,0.0027384795248509572,0.002630699425935801,0.0026797354221344072,0.003063691779971116,0.0024922806769610557,0.0024084188044071198,0.002275386825203896,0.0015039369463920591,0.0015178713947533934,0.003012023866176775,0.0035254089161754227,0.0036342367529868494,0.002473691478371728,0.0016989745199680328,0.003304907120764311,0.003077758476138174,0.002876102924346757,0.002943132072687156,0.0030295960605145125,0.0024168714880943303,0.004393596202135149,0.004134912043809828,0.003803815692663137,0.0017146992031485402,0.0014452431350945873,0.002476750873029291,0.0014606108888983727,0.001275208778679428,0.001188407586596496,0.003883257508277893,0.002168638631701525,0.001784243620932047,0.0025925571098923683,0.0013455280859490106,0.0018583014607429574,0.0012279823422431946,0.002578638494014726,0.0008263010531663895,0.0025847181677818303,0.0024056211113929193,0.0020902603864668768,0.0023329555988312323,0.003378898371011076,0.00389853352680808,0.003976099891588092,0.0038687619380652905,0.0038034543395042454,0.003632437437772751,0.0026757195591926713,0.003184478729963192,0.002987872809171729,0.0029767518863082505,0.003088863566517885,0.003263887017965317,0.003367133438587189,0.002661988139152527,0.0019788295030593803,0.002607151865959112,0.002542555332183713,0.0026120096445084173,0.0025325566530227106,0.00190680474042898,0.002610608935356085,0.0024477690458296693,0.0036351568996906797,0.0035207765176891157,0.0032727164216340703,0.0038707312196493743,0.003489963710308082,0.002811636775732159,0.0022157765924930503,0.002522520720958709,0.004442870616912786,0.0025021843612194608,0.0023326538503169424,0.0023500695824623663,0.0021315105259418488,0.0025635790079831518,0.00267128739506012,0.002614986151456833,0.002725852653384212,0.002708347514271736,0.0024486556649207514,0.005389567464590074,0.002159118652343757,0.004101976752281218,0.0027858093380927484,0.0027795545756816864,0.002444397658109672,0.0023713521659374237,0.002321496605873101,0.002314416691660877,0.0022009797394275665,0.0022125728428363765,0.003294475842267276,0.0026735812425613963,0.0026470869779587768,0.003708191215991925,0.002400709316134397,0.0023758001625537803,0.0023077391088008807,0.003488074056804184,0.0026984065771102905,0.003968113567680121,0.003908313810825348,0.005141988396644717,0.003416408784687519,0.0025774929672480185,0.0031759984558448195,0.007001593708992032,0.0025531910359858287,0.0026333704590797355,0.002986649633385241,0.0028545139357447624,0.004405112937092781,0.0025247260928153987,0.003803294617682751,0.0042917644605041105,0.0063939299434423395,0.0048208422958850175,0.005428352393209936,0.003976594656705974,0.004301361739635454,0.0023263022303581238,0.002284843474626548,0.002270806580782044,0.002644982188940055,0.00291719287633896,0.002712612971663475,0.0029288721270859237,0.002589762210845948,0.002163065597414974,0.002210259437561035,0.002396877855062479,0.004359085112810135,0.003427065908908844,0.003033794462680817,0.0029271021485328674,0.0028339326381683428,0.0025946684181690216,0.002671344205737117,0.0029056686908006703,0.0030436106026172608,0.002643289044499401,0.006239414215087891,0.002670304849743841,0.00272357277572155,0.0026387088000774392,0.0027693416923284565,0.002639681100845337,0.0022124670213089503,0.0025924229994416237,0.0024125073105096817,0.005857069045305245,0.005321998149156633,0.004501222632825373,0.0037543065845966335,0.004088715650141241,0.0055962491896933714,0.006782784126698971,0.002165749669075068,0.0031285136938094533,0.002621022984385601,0.0028537251055241256,0.0025910371914506514,0.0025027841329574585,0.003746353089809432,0.003097116947174073,0.002740217372775071,0.002146800979971941,0.002186653204262312,0.0024442346766591076,0.0030176807194948717,0.004239179193973527,0.003146156668662969,0.0026497691869736273,0.002239422872662546,0.005285695195198059,0.0025573980528859623,0.0026261704042553928,0.0022238865494728643,0.0024935603141784607,0.006759807467460632,0.0026177577674388365,0.0025916844606399536,0.005766794085502611,0.006589651107788086,0.004903167486190782,0.0058731436729431005,0.0036180615425109603,0.0059736622497439384,0.002376616001129102,0.0024095140397549786,0.003160528838634491,0.002435509115457532,0.0025233607739210684,0.0027687316760420817,0.004697881639003754,0.006188680883497,0.0064832940697669966,0.006442200392484672,0.0025559142231940703,0.0027160923928022385,0.002613915130496025,0.0034105107188224237,0.0022872388362884487,0.002003554254770279,0.0019778106361627613,0.0020453706383704584,0.0022091101855039627,0.004425168037414495,0.002356918528676026,0.00265199318528175,0.002559307962656125,0.0024685338139534066,0.00586968660354615,0.005965513177216048,0.005692532286047936,0.006755687296390533,0.002562340348958969,0.0026817098259926467,0.006360529921948908,0.005401894450187683,0.0027502626180648873,0.002762518823146834,0.0030144639313220978,0.0032057911157607963,0.004073914140462879,0.002477589063346386,0.002578805200755596,0.002544838935136792,0.002827176824212075,0.0043228697031736365,0.002757992595434241,0.002963412553071972,0.002720776945352552,0.002562598325312136,0.004987288266420364,0.003148596733808515,0.004819529131054882,0.00295775011181832,0.002455536276102066,0.004734629765152928,0.004080831538885832,0.002841456793248653,0.0045201610773801795,0.003538201795890928,0.003140036948025225,0.0039925812743604175,0.0051900427788496035,0.0021886229515075614,0.005083018913865093,0.005238947225734592,0.003916181158274411,0.005083084106445313,0.004726927727460858,0.005829483270645114,0.003391044214367977,0.002483094111084997,0.002717301249503853,0.002446684986352907,0.0026858896017074585,0.003018383868038655,0.0031679784879088397,0.0031304825097322464,0.003230946138501116,0.0030974391847848892,0.002578511834144593,0.004474863409996019,0.002291545271873523,0.0020474921911954325,0.002089835703372952,0.0023137181997299194,0.002449985593557413,0.002576521597802639,0.005783453583717346,0.0025613605976104736,0.002639964222908138,0.0026625022292137285,0.002634167671203613,0.0026655122637748857,0.002654191106557846,0.0025713071227074225,0.002492133527994142,0.002678215503692634,0.0027597919106482904,0.002757469716016203,0.002179708331823342,0.0025004409253597264,7.0,0
0.003263041377067559,0.0027150437235832357,0.002647720277309369,0.002030692994594463,0.0025821700692176125,0.002358891069889069,0.001855064183473532,0.0031892880797386174,0.0034960675984621052,0.004386212676763531,0.004250436089932974,0.0033512488007545467,0.003480430692434311,0.003617398440837867,0.004104655236005783,0.004174824804067619,0.004396691918373157,0.004827551543712616,0.005869545042514753,0.002842985093593528,0.002692189067602213,0.004909425973892198,0.002861782908439636,0.0029516294598579424,0.0029131472110748863,0.0032450798898935322,0.0027765855193138678,0.0035229246132075782,0.003504484891891535,0.0031659789383410835,0.002645937725901607,0.00325521081686031,0.0045465622097253825,0.0032036080956459045,0.003756247460842299,0.003265820443630274,0.0015378128737210655,0.0031105987727641504,0.003505013883113861,0.0031325928866862834,0.003040075302124079,0.0034103356301784515,0.0034768190234899486,0.003259252756834032,0.0026729777455330034,0.002524942159652599,0.004249263554811363,0.001936552114784664,0.002208568155765693,0.0020230226218699928,0.00204824423417449,0.002239815890789032,0.005552179907681476,0.005124835297465324,0.00477609783411026,0.004711064510047434,0.0028892168775201373,0.002606471534818411,0.006013914942741394,0.002264406532049179,0.002497058361768778,0.003222162369638625,0.003474843688309191,0.005175640806555752,0.002152901142835561,0.005536074750125518,0.005828447639942226,0.0046347100287676395,0.004494581371545778,0.00490499939769512,0.004247218370437511,0.00396962463855749,0.003210846334695816,0.00324629619717598,0.0031952969729900915,0.0024680420756339467,0.0033920751884579624,0.0036002546548845006,0.003500003367662433,0.002572067081928309,0.003460913896560673,0.003617990761995364,0.0036560297012329726,0.005577899515628815,0.004580393433570751,0.004236366599798154,0.004077903926372535,0.004100114107132069,0.0038238614797592133,0.003807330504059736,0.0038183890283107202,0.0038223844021558133,0.002465406432747841,0.005264982581138611,0.002621311694383559,0.0036354772746562923,0.0035983920097350523,0.002612277865409851,0.0021311566233635434,0.0026262216269969385,0.0019511007703840735,0.001910929102450665,0.001972451806068469,0.004648797214031157,0.0048041399568319355,0.005558356409892384,0.0038292892277241282,0.005513684824109133,0.0042906382586807,0.004558818414807432,0.0031295716762544425,0.003054365515708979,0.002687765285372786,0.0029653888195751987,0.0018626144155859965,0.002268865704536493,0.0030615516006946572,0.0027378108352422714,0.0023363782092927768,0.002280831802636273,0.0022248614113778427,0.002179904724471271,0.001683067530393486,0.002628102898597648,0.0034095123410224915,0.002857200801372528,0.0017986781895161302,0.004037022590637235,0.0022014270944054615,0.0018260218203067786,0.0031694024801255448,0.0021264217793941567,0.005710631608963014,0.002792151644825884,0.0021144598722456776,0.003611516207456589,0.0050124526023863645,0.0032586976885795593,0.004039965569972992,0.004052110016345853,0.004857581108808518,0.002694766968488645,0.0016852272674441338,0.003409430384635925,0.003199791535735186,0.003148805350065122,0.003436060622334425,0.0022456385195254724,0.006167308427393492,0.004563510417938186,0.004372268915176393,0.0030738906934857915,0.007159197703003882,0.003165939822793007,0.003028739243745804,0.0028687510639428017,0.0034802444279193323,0.002276136539876572,0.002794724889099598,0.002857388928532769,0.0026413686573503736,0.0025514625012875124,0.004609689116477911,0.0032251775264740545,0.003079973161220557,0.002532940357923501,0.0024099834263324113,0.0029360912740230075,0.0021063257008790415,0.0033504161983727893,0.0039109373465179295,0.005694208666682243,0.00559215992689141,0.002650123089551925,0.0018183998763561804,0.0065607130527496355,0.005300943274050896,0.003980405628681294,0.00400286540389061,0.003948833793401775,0.004024576395750039,0.0041790902614593575,0.0046054199337959255,0.0034739058464766104,0.0033256653696298604,0.003107821568846644,0.002403788268566128,0.001625984907150213,0.0017795655876399195,0.002055429853499104,0.002315714955329784,0.003575509414076857,0.0026995427906513145,0.0023696823045611924,0.004608646035194453,0.0021037757396698,0.001939479261636734,0.0020145699381829557,0.0019295997917652128,0.006128560751676511,0.005946960300207138,0.0055169127881525785,0.002754394896328505,0.0017404351383447092,0.003704153001308443,0.0011409390717744847,0.0016839411109685865,0.0011426022683735935,0.00543501228094101,0.0018729940056800808,0.002778451889753288,0.0037455675192177296,0.002201641764258966,0.002904143184423447,0.0020122788846492212,0.004375576972961412,0.0016663298010826126,0.0017962045967579996,0.002519614994525895,0.002369940280914196,0.002367831766605266,0.0033157337456942173,0.004183159675449188,0.004170970292761867,0.003875759895890895,0.003428285941481591,0.003368664532899801,0.003180868923664093,0.002959704026579636,0.0026724543422461076,0.002598688937723692,0.002465028315782493,0.0025435332208872397,0.002388546243309975,0.0044924914836883545,0.002282179892063134,0.001944191753864344,0.002579212188720703,0.002756163477897644,0.0026016905903815672,0.00229838863015186,0.0028041824698448736,0.002694036811590139,0.002451859414577484,0.0022871289402247572,0.002030982635915446,0.0029093213379382497,0.002685533836483959,0.0021441094577312955,0.003266256302595145,0.0023779608309268947,0.004682451486587469,0.002566050738096293,0.0027612932026386226,0.002960972487926535,0.003539793193340357,0.002325486391782705,0.002000941894948427,0.0019176797941327093,0.002378631383180621,0.002643344923853871,0.004263181239366476,0.0074904989451169985,0.003186851739883423,0.0065313801169396,0.00474331527948374,0.0036769341677427288,0.0033823102712631226,0.003465447574853889,0.0033356733620166787,0.0033642388880252803,0.003304265439510464,0.0033414717763662304,0.004777076188474894,0.00270196795463562,0.002630099654197679,0.004117172211408561,0.0023900708183645647,0.0022583603858947823,0.002299401909113041,0.004941803403198721,0.002323500812053736,0.002977021969854887,0.0037731770426034893,0.00481520593166343,0.002957722172141077,0.0018641911447048187,0.00452080654213205,0.010490104556083707,0.0022483542561532108,0.002256784588098519,0.00367802183609456,0.003483960404992104,0.00434118323028088,0.0026245862245559692,0.0024982788600027557,0.002655757591128295,0.004640197381377272,0.004631254822015693,0.003559399396181109,0.004473473876714713,0.004503920674324089,0.003307867795228957,0.0033264011144638053,0.0032996665686369983,0.0022731199860572746,0.003428912255913019,0.003694659098982811,0.003605369944125414,0.0023212805390357967,0.003349814563989643,0.003417275846004486,0.003583557903766625,0.006099313497543335,0.004938647150993347,0.00438699871301651,0.004178617149591446,0.004067167639732368,0.003762863576412201,0.003831537440419201,0.0040733944624662365,0.0043214689940214105,0.003668993711471561,0.009410485625267029,0.0036400547251105313,0.0036900173872709283,0.002587951719760784,0.002882756292819977,0.002344548702239991,0.0025845280615611754,0.0035667286720126867,0.0025982502847909893,0.004798967391252511,0.0044657886028289856,0.0034619811922311787,0.005301950499415398,0.0035968394950032234,0.003246575826779119,0.004271799698472021,0.003332095220684946,0.005092777311801799,0.002063937485218107,0.0036823786795139313,0.0022691022604704467,0.002324674278497696,0.006099566817283643,0.00480167195200925,0.004132678732275959,0.0031893393024802767,0.0024066502228379805,0.002314924728125389,0.0019202418625353032,0.006592839956283556,0.003928337246179693,0.002788856625556891,0.0021902704611420614,0.007530927658081082,0.0021525498013943434,0.003016576170921325,0.003477331250906053,0.0023081935942172865,0.010067105293273926,0.002013584598898832,0.002374030649662032,0.008869510143995278,0.010103046894073486,0.008115306496620178,0.0091814324259758,0.005211301147937761,0.008241225965321064,0.0026055946946145145,0.0027941577136516554,0.0054928138852119324,0.002983359619975086,0.002812087535858211,0.0038106953725218773,0.0072272196412086626,0.008268192410469055,0.009260229766368866,0.009643871337175376,0.0026266165077685165,0.0024509672075508915,0.002225004136562403,0.0043478459119796215,0.0018900316208600445,0.0018374808132648505,0.0019376687705516293,0.002163344994187355,0.002553272992372513,0.006062343716621454,0.0031077563762664864,0.003407629206776619,0.002227153629064442,0.003157053142786026,0.008758589625358694,0.00853254925459623,0.00766887329518795,0.010324180126190158,0.002003556117415428,0.0021620951592922835,0.008820755407214166,0.008706271648406979,0.003942649811506278,0.003911428153514869,0.0042806118726730425,0.004613850265741346,0.0056754536926746394,0.003322199918329716,0.0033682091161608696,0.003334819339215757,0.003958814777433872,0.006263455376029018,0.0020899958908559,0.0017527621239423734,0.0019264686852693523,0.00344006344676018,0.007584430277347558,0.0015670992434024793,0.006733071058988571,0.002135928720235887,0.0022932179272174835,0.0066258627921342884,0.0059757730923593036,0.00355851463973522,0.006449687294662,0.004787255078554154,0.004228885285556313,0.005667867604643105,0.007112437859177589,0.0022076368331909145,0.007467327639460564,0.007513020653277636,0.005660044960677625,0.007884487509727478,0.0069931019097566535,0.00926024466753006,0.004714215872809403,0.002211295068264008,0.002415999770164462,0.002268798649310948,0.002597682178020477,0.0015297867357730848,0.0019303923472762125,0.002319876104593277,0.0028880573809146877,0.0033468548208475703,0.0040336027741432814,0.007414095103740692,0.003981932997703663,0.0034327115863561075,0.002845086157321871,0.0023685060441493433,0.0022551948204637164,0.0020584845915436207,0.008569180965423584,0.0024243444204330444,0.002264905720949284,0.0026342719793319693,0.0026011541485786442,0.0024668797850608964,0.002535358071327209,0.002750016748905252,0.002511296421289444,0.0020118597894907032,0.001929100602865164,0.001964131137356162,0.0028558671474456787,0.003063034266233444,7.0,0
0.004207938909530577,0.005733422935008932,0.004769679158925955,0.004529166966676664,0.0056304335594176535,0.005271330475807204,0.00373981893062586,0.0038029029965400726,0.0032168608158826308,0.004284266382455826,0.004228030331432764,0.003975920379161836,0.0038435608148575376,0.003990698605775833,0.0042277313768863106,0.004134424030780806,0.004221670329570826,0.004377137869596426,0.0052039287984371255,0.005714915692806133,0.005274392664432526,0.004433870315551827,0.0039022797718644697,0.00395740568637859,0.003862543962895872,0.0038803704082966367,0.003832316957414095,0.003983622416854015,0.0038049956783651204,0.003697748295962757,0.003150291740894373,0.0040171444416046715,0.003468023613095228,0.0036586076021194467,0.003540210425853673,0.00361105427145958,0.003301036544144098,0.00423966720700264,0.003850139677524629,0.004096999764442326,0.00374169647693634,0.003804400563240051,0.0038444064557552338,0.003446210175752586,0.005624115467071589,0.00551360100507732,0.005250878632068527,0.0036028381437062094,0.0043302066624164035,0.003962285816669457,0.0037391521036625455,0.005083233118057251,0.006255165761103965,0.006137366406619495,0.005015276372432711,0.004671087488532118,0.002876004204153902,0.0030861124396323594,0.005030572414398193,0.004440613090991982,0.004576280713081408,0.003697652835398967,0.003890625201165621,0.006217468529939707,0.0040914639830589294,0.005859292112290913,0.0061704199761152285,0.005096880719065671,0.0052895285189151755,0.005025514401495457,0.005303438752889633,0.004676267504692133,0.004069257527589743,0.004060298204421997,0.003672830760478869,0.004567947238683694,0.0038619367405772187,0.00395136140286928,0.003909682855010033,0.005269378423690782,0.0037722159177065494,0.003878489136695973,0.003894835710525561,0.004693746566772461,0.003934744745492935,0.003849741071462638,0.003927223384380403,0.004055012017488535,0.003954835236072547,0.0038939062505959905,0.0038320496678351797,0.003739802166819621,0.003389671444892884,0.003747537732124329,0.005161076784133911,0.003963790833950039,0.003893742337822917,0.0046498216688634075,0.0038813911378383116,0.004724845290184077,0.0036164131015539174,0.0036281296052038674,0.0039329156279563895,0.00530447810888296,0.005368560552597049,0.006238364847376943,0.003612838685512594,0.005557741969823889,0.0041559312958270285,0.004528066143393628,0.003932451829314291,0.0037596784532070156,0.0038393288850784297,0.003626899793744143,0.003531444817781393,0.004773877561092432,0.003524418920278556,0.003789843991398811,0.0036941710859537662,0.0037072245031595226,0.003593396162614227,0.003536818316206336,0.003633543848991342,0.00349529087543482,0.004318699240684509,0.0056987851858138466,0.0035707745701074635,0.003281176090240423,0.0036419110620045103,0.0036157667636871342,0.00359492376446724,0.004351329058408736,0.004414379596710205,0.0038677286356686436,0.0046745166182516895,0.003983460366725929,0.004645802080631201,0.002717375755310031,0.004067480564117432,0.003989920020103441,0.003534705378115122,0.00522788241505629,0.0034208977594972195,0.0035726651549338744,0.004116449505090769,0.00415088515728701,0.003709556534886364,0.002943322062492322,0.004744356498122271,0.0038038790225983217,0.004100237041711807,0.003638634458184186,0.006039948202669621,0.0041884509846568645,0.004067057743668556,0.003941664472222217,0.0044576860964297615,0.002961429767310675,0.003258206881582681,0.003354954533279055,0.0031767841428517185,0.002909487113356535,0.003806620836258045,0.003998899832367953,0.0044437050819396496,0.003800645470619321,0.004677791148424093,0.0043997727334498735,0.002882052212953623,0.00365772843360896,0.003395481035113448,0.004442537203431126,0.004891358315944615,0.0036303959786891968,0.003690749406814631,0.005679123103618622,0.0037222728133201603,0.0034348368644715327,0.004006225615739829,0.0038866251707077577,0.003781624138355311,0.0037539228796958993,0.003943473100662228,0.003935156390070971,0.003876503556966781,0.003689460456371307,0.003004658967256546,0.003136904910206743,0.0036034025251865374,0.002826738171279486,0.003285553306341168,0.0040019601583482466,0.00333987921476369,0.0027065211907029148,0.0037742089480161632,0.004674457013607025,0.0040606409311294564,0.0042277984321118026,0.0038101077079772884,0.005402628332376432,0.00524971261620516,0.0045991316437720715,0.0026960412506014672,0.003217768855392987,0.0033257771283388173,0.0030904114246368963,0.002902241423726082,0.0027054543315898627,0.004386141896247871,0.0037436075508594452,0.0030620107427239986,0.003248354652896523,0.002505708864191547,0.0031649805605411608,0.003052184358239229,0.003987684845924364,0.002478668466210367,0.0036656837910414297,0.005191594362258911,0.00459087267518038,0.0051952674984930974,0.003156679216772319,0.004381658043712433,0.004670979222282712,0.00449286820366973,0.004158603027462959,0.003840900957584271,0.00294727087020874,0.0038566142320631282,0.003765702247619789,0.0037631420418620647,0.0036056274548173506,0.0037536257877946455,0.003630375489592552,0.0029043257236480435,0.004338525235652925,0.004191372543573442,0.00546266883611668,0.005518749356269892,0.0053976625204086295,0.004225458949804355,0.005602538585662842,0.005223158746957722,0.0035238228738307953,0.003527509979903752,0.0034758639521898504,0.003361264243721903,0.0030800029635428858,0.004572037607431412,0.00368675962090493,0.004922911524772644,0.0034546554088591697,0.0031531378626823946,0.0034990664571524213,0.003636201843619399,0.0038913041353225712,0.002853326499462076,0.0014901086688041687,0.0017009321600199318,0.0017156936228275301,0.0019547771662474234,0.0045191310346126,0.007622594945132736,0.003429912030696862,0.005552619695663494,0.004586234688758796,0.0051319757476449,0.004313405603170395,0.00418367981910705,0.004604782909154892,0.005056269466876979,0.004411678761243813,0.00486548990011215,0.006455951835960151,0.005705900490283965,0.005647011101245894,0.0028484761714935303,0.003426726907491684,0.004619676619768143,0.004504237323999405,0.006154816597700124,0.005145944654941561,0.0023614005185664264,0.0028467737138271297,0.001922719180584079,0.0026225335896015185,0.0019474383443593977,0.006589275726582966,0.009597942233085629,0.004538469016552089,0.004557058215141414,0.005983519251458346,0.005598506890237331,0.003078095614910125,0.00458139926195144,0.0018395776860415933,0.0020142463035882074,0.003134267404675425,0.002478688955306937,0.002734179608523845,0.002781115472316693,0.0028288140892982483,0.004084512591361993,0.004519838839769363,0.0049362704157830326,0.004338309168815614,0.005649547558277845,0.005482276901602749,0.005657889414578675,0.005056612193584435,0.004825456067919738,0.004466589540243149,0.0042943432927131575,0.0058884285390377045,0.0050287991762161185,0.004619430750608451,0.0046228766441345215,0.004570260643959052,0.005088645964860915,0.005175517871975902,0.005420038476586345,0.005656702443957325,0.005476301535964016,0.00816623866558075,0.005292472429573536,0.005447633564472202,0.004424843937158592,0.004669496789574622,0.004511106759309665,0.0038786232471464963,0.004821548238396646,0.0045126769691705634,0.002491690218448632,0.002873282879590995,0.0026165349408984197,0.0065121706575156394,0.003191895782947542,0.00326813015271904,0.003686484880745411,0.0038707125931978226,0.005408260971307699,0.002657519653439522,0.003421679139137268,0.003463153727352619,0.004953596740961075,0.006173789501190199,0.005489062517881435,0.0051406938582658716,0.004294113256037291,0.0034733526408672892,0.0030722715891897128,0.0035645030438898853,0.007120929658412926,0.003434002399444636,0.005611926317214966,0.0036800466477870937,0.006523162126541221,0.0030392121989279985,0.004880347289144993,0.003611717373132705,0.004722416400909417,0.009007960557937622,0.002488864585757148,0.005009703338146211,0.009269662201404565,0.009770847856998456,0.00773824751377107,0.009315527975559236,0.0040569007396698414,0.008055705577135086,0.005135029554367121,0.004303918220102787,0.005079030990600586,0.0036071352660655975,0.0033708997070789858,0.005636202171444896,0.007786892354488374,0.007571475114673375,0.009001147001981735,0.009455036371946342,0.0030182171612977426,0.0029254369437695105,0.0027357153594493827,0.003658406436443329,0.0019610002636910005,0.0015952717512846585,0.001463828608393617,0.001530375331640188,0.002247756347060207,0.00511877238750455,0.003664107993245132,0.005043974146247014,0.004757300019264103,0.004491113126277925,0.009130578488111496,0.008681903593242165,0.007198989391326908,0.009698115289211287,0.002374395728111267,0.003998026251792922,0.008363617584109306,0.00840047001838684,0.0048420578241348345,0.004797652363777168,0.005133826285600661,0.005367562174797058,0.0062583107501268465,0.005232010968029503,0.0054173460230231285,0.005416271276772021,0.006044177338480951,0.007340965792536735,0.0034852083772420853,0.0022959941998124105,0.002305559813976288,0.005264467559754849,0.008369978517293923,0.002460273448377848,0.007094169035553931,0.004224110394716382,0.004258774220943562,0.006369477137923244,0.007322943885810673,0.005247248336672783,0.0073267612606287,0.006245303433388472,0.005904292687773703,0.007156504318118094,0.006807098165154464,0.003981884568929669,0.008425448089838028,0.008029145537875594,0.007363706361502409,0.008405022323131561,0.008180929347872845,0.009105920791625949,0.0065630548633635035,0.003792760893702514,0.005215801298618303,0.004784371703863137,0.005506500601768494,0.0016611842438578625,0.001690276898443588,0.0018822941929101946,0.002220243215560913,0.0024220235645770988,0.004050843417644501,0.006807029247283922,0.004505384713411331,0.004201697185635457,0.003743080422282219,0.0032616090029478073,0.002862846478819793,0.0027527166530489904,0.007381737232208223,0.0045518577098846436,0.0044474080204965905,0.0055885612964630274,0.0053258836269378645,0.005272172391414656,0.004394974559545517,0.005548283457756098,0.005040250718593646,0.002631239593029077,0.002677476033568436,0.002959116420242936,0.0028714947402477264,0.003032945096492823,7.0,0
0.004027515649795532,0.004194967448711395,0.003613721579313167,0.0029584169387816893,0.0038965493440627904,0.003459617495536818,0.0032820068299771465,0.0028582178056240077,0.008433949202299174,0.010230468586087223,0.0071159340441227514,0.003822762519121163,0.0037897638976575115,0.003913801163434989,0.005010128021240234,0.0051716156303883215,0.005385383963584954,0.005518611520528793,0.0061352774500846394,0.00433150678873051,0.003344461321830805,0.007162146270275212,0.0019924603402614594,0.0022343555465341174,0.0021345317363738463,0.003470325842499681,0.0017696106806398013,0.007162266876548472,0.006678363308310511,0.0070843398571013875,0.006202725693583492,0.004172205924987682,0.00326229631900787,0.0037281326949596405,0.005939409136772157,0.006303291767835617,0.0022149803116917593,0.0036889426410198775,0.003608494997024536,0.003076259046792866,0.00243198499083519,0.003063052892684999,0.002913050353527069,0.003098562359809877,0.0037928894162178603,0.0035991445183753,0.010580461472272651,0.002056990750133937,0.0029835104942321712,0.0027662031352520553,0.0026221163570880877,0.003358013927936609,0.01292286952957522,0.012534426525235176,0.008538141846656744,0.010277274064719788,0.005137383937835693,0.002909854520112277,0.007722184062004089,0.0027022957801818986,0.0028880871832370203,0.003783354070037658,0.004192252643406443,0.012650754302740095,0.0032336041331291754,0.012286064215004498,0.012960188090801295,0.009606136009097096,0.010117784142494195,0.010500294156372492,0.0104708932340144,0.008396953344345095,0.00358639657497406,0.003181036561727461,0.002448443323373843,0.003015965223312371,0.0038878945633768476,0.003528643399476949,0.004148324951529505,0.00286500900983816,0.002894695848226603,0.003149729222059305,0.0035853087902069647,0.005211036652326585,0.004791267216205486,0.00470015034079551,0.0046247057616710715,0.004610344767570503,0.003567814826965335,0.003517324104905017,0.0035043694078921647,0.0035522785037755897,0.002455588430166241,0.008339419960975647,0.0037651769816875453,0.0036512203514575924,0.0036128032952547633,0.0030374303460122265,0.0030414350330829646,0.003005817532539312,0.002199181821197327,0.0023626754991710195,0.0029872618615627844,0.009535793215036392,0.010690063238143923,0.012865543598309215,0.0034121666103601976,0.011935856193304062,0.009143879637122041,0.008615332655608708,0.0028661694377660266,0.00439624860882748,0.0020128171890974045,0.006882248446345336,0.0018699672073125874,0.0026800483465194147,0.004890240728855244,0.003215283155441288,0.0024129161611198807,0.00198592664673919,0.0018548474181442345,0.0018809575121850328,0.0035350732505321533,0.003681004047393736,0.0082069411873818,0.0041398704051971436,0.0020653866231440977,0.00735151767730713,0.0018791776096806487,0.002591269090771675,0.0042580254375934115,0.002584856003522873,0.008276030421257019,0.0022467710077763124,0.0025632753968238275,0.004578754305839546,0.005458191037177984,0.006043255329132052,0.005108773708343506,0.006824128329753793,0.003388911485671997,0.00363500788807869,0.0021265260875225067,0.006519772112369482,0.0022028777748345774,0.002321188338100855,0.003366196528077181,0.003198839724063811,0.0054971780627966465,0.0034904312342405874,0.004237134009599686,0.007245217915624436,0.0075159557163715345,0.0023523773998022045,0.0019227340817451512,0.0019292272627353668,0.00826862826943392,0.0030354326590896212,0.0038501387462019938,0.004090794362127783,0.0042515639215707215,0.004039920866489407,0.005913823843002375,0.002344684675335884,0.003754183650016785,0.0027344822883605467,0.0028905980288982946,0.003412682563066476,0.005196122452616747,0.003696603700518501,0.0029906928539276696,0.004759248346090369,0.006362847983837057,0.002623055130243357,0.0022791475057600892,0.006753923371434215,0.004002286586910486,0.006028994917869457,0.00413919985294342,0.004033882170915604,0.0041251070797444014,0.0042612068355083535,0.004179647192358967,0.0034821424633263987,0.003219842910766598,0.003069272264838219,0.002434760332107544,0.002656018361449193,0.002672024071216528,0.003998773172497749,0.003711076453328018,0.003735555335879322,0.003828693181276322,0.005146629177034068,0.003688383847475107,0.0030917078256607056,0.0028978399932384977,0.0027619376778602674,0.0021086074411868494,0.006163958460092552,0.006034936755895566,0.00485911220312113,0.0027891027275472892,0.002476457506418228,0.00294184684753418,0.002334293909370897,0.002224067226052284,0.0021472771186382134,0.004520874470472329,0.002319995313882828,0.003120532259345223,0.0028500549960882022,0.002668591652764063,0.0036469772458076546,0.003338400274515152,0.005781382322311388,0.0020396588370203955,0.0019702538847922693,0.002908550202846527,0.002997543662786553,0.003028623759746496,0.006636838894337306,0.008858390618115775,0.009589027380570823,0.0093394978903234,0.008463583886623386,0.005376152694225311,0.005997009575366974,0.003153260797262192,0.002553319558501129,0.0020159957930446226,0.0016336049884557724,0.001878920011222418,0.0017197523266077597,0.00803297758102417,0.003046821802854538,0.002193380147218753,0.003239646553993114,0.0036121904850005405,0.003164857625961359,0.003112044185399898,0.0038793087005615096,0.0034412592649459284,0.0024742279201745987,0.002471989020705221,0.002936332719400525,0.003957074135541975,0.005494002252817157,0.0027182362973689964,0.004332803189754549,0.003864824771881215,0.004843339323997442,0.003494162112474441,0.0039403922855854034,0.0039085820317269,0.004301149398088393,0.0025722775608300052,0.0012894673272967356,0.0011616135016083145,0.0009187683463096619,0.001037629321217537,0.005194250494241652,0.009722852148115637,0.004084806889295564,0.00817060470581063,0.0052960067987442025,0.004848940297961237,0.0044005364179611215,0.004259034991264357,0.004748687148094184,0.006102932617068291,0.0049814730882644575,0.006197268143296242,0.008967651519924402,0.00435206294059759,0.004218772053718582,0.0004764907062054236,0.0024341852404176642,0.004347741603851318,0.004215206950902946,0.0069585926830768655,0.0034789294004440308,0.004840636625885965,0.0026762019842863013,0.0021577775478364013,0.0078084357082843815,0.0010592639446258543,0.00911529763834551,0.015245154500007631,0.003954865038395046,0.004218474030494697,0.008648949558846653,0.008313946425914764,0.0023128651082515678,0.0046883076429367065,0.0071058389730751514,0.007357486523687784,0.0034535098820924802,0.0003690794110297741,0.004952625371515749,0.0007377229630947044,0.0027699247002601485,0.004251677542924881,0.004809536039829254,0.0060102399438620654,0.004094202071428306,0.008322746492922306,0.007847839966416355,0.00837587798014283,0.003912441432476037,0.006300086155533794,0.005335759371519096,0.004502188414335251,0.007030759006738782,0.006360001862049103,0.005860533565282822,0.005792561918497079,0.005702514201402664,0.007057195529341701,0.007072793319821361,0.00733178667724133,0.007636031135916706,0.006340816617012024,0.013226285576820374,0.00770974438637495,0.007825534790754318,0.0040623582899570465,0.004336195066571121,0.004205204546451562,0.003067617071792373,0.004382329760119319,0.004372898489236835,0.0009595006704330443,0.00256693363189698,0.0046839425340294855,0.008619295433163643,0.008900920860469288,0.006179542717290931,0.005308998748660086,0.004166388884186797,0.006605710834264707,0.0018406771123409239,0.0027971342206001767,0.0021244017407298105,0.004082467406988144,0.008141435682773604,0.006310701370239306,0.0054833088070154155,0.003999358974397238,0.002873365767300129,0.0018546539358794702,0.0024091582745315795,0.009455393999814972,0.0027913935482501914,0.0044021680951117775,0.0027408460155129433,0.00950698554515847,0.0014444747939705296,0.004670448601245879,0.003809947520494454,0.003870896995067701,0.014375641942024231,0.0019145831465720536,0.003728084266185761,0.013588678091764443,0.014475055038928987,0.011623986065387741,0.013957753777503969,0.005426406860351604,0.0103839966468513,0.003879938274622026,0.0036884881556034092,0.006460137665271759,0.0045103877782821655,0.0041111819446087465,0.007985838688910004,0.010739818215370178,0.009596834424883129,0.012332160025835035,0.01354219391942025,0.0035092681646346486,0.003040783107280787,0.002322860062122352,0.003480724990367889,0.002068327739834789,0.002009948715567589,0.0023717135190962674,0.0028359591960906982,0.0033871363848447245,0.007263675332069453,0.004493121057748805,0.005054673179984089,0.00407993793487537,0.004378631711006158,0.012861415743827813,0.011698040179908272,0.008831195533275604,0.01504265516996385,0.001923276111483574,0.002405311912298265,0.010978957638144491,0.01267926394939424,0.00633461773395539,0.006257582455873496,0.006735451519489288,0.007080085575580597,0.00787035189568997,0.007297462783753872,0.0073519339784979786,0.007263886742293833,0.007803624495863915,0.009374512359499928,0.0016487389802934405,0.001803109422326029,0.0005769710987806356,0.007356667891144752,0.011921983212232591,0.003609206993132829,0.008907325565814972,0.002322208136320121,0.0031526125967502594,0.007603844627737988,0.010060065658763051,0.005321528762578966,0.009589055553078651,0.0067169677931815394,0.006448599509894846,0.008977761957794423,0.008201686665415653,0.0033615455031394963,0.011700812727212798,0.010698652360588312,0.010066903661936522,0.011987127363681791,0.011471267789602273,0.01380355656147002,0.008220764342695584,0.002544393762946077,0.004173740744590745,0.004378035664558404,0.004364334046840654,0.00351794902235264,0.003705888055265061,0.0026019215583800714,0.0014075376093387044,0.0004734676331281662,0.004366699606180198,0.010175123810768127,0.005000662058591897,0.004316037520766255,0.003536131232976969,0.0031583309173583984,0.0019476367160676227,0.0013931589201092148,0.011585414409637451,0.004441879689693562,0.002936098724603764,0.004368498921394362,0.004215866327285753,0.0040580704808235325,0.004413224756717689,0.004460416734218584,0.003908749669790379,0.0011967308819293974,0.0009268373250961287,0.0011786206741816185,0.003803174942731857,0.002553932368755396,7.0,0
0.0030746161937713692,0.0039373040199279785,0.0025005564093590338,0.004719551652669907,0.0042309015989304005,0.0045785084366798965,0.005926217883825354,0.00534437969326973,0.012227618135511818,0.014156618155538982,0.01255702413618559,0.004089098423719406,0.0035975426435470577,0.005255505442619317,0.011566095054149676,0.012571036815643435,0.013697549700737057,0.013649296015501078,0.013018362224102029,0.003960147500038092,0.003976255655288636,0.009274162352085185,0.003709635697305204,0.004026437178254128,0.0042133843526243634,0.005507485941052437,0.0038714949041605,0.012852516956627312,0.011982218362390941,0.013001838698983192,0.011685073375701844,0.005031924694776424,0.010905135422945023,0.006405282765626845,0.0052617937326430156,0.006975870579481125,0.003105496987700518,0.002431862056255396,0.004187315702438299,0.004562612622976421,0.008189495652914047,0.0067509897053241105,0.010248359292745642,0.01295826490968466,0.004122495651245173,0.004219427704811166,0.013540465384721593,0.0035601379349826656,0.004783574491739265,0.00453029572963709,0.003842774778604506,0.0046686530113220215,0.016687658382579632,0.015820644795894567,0.01177134364843374,0.01405701134353876,0.00976556353271013,0.012859967071562894,0.0115993469953537,0.004583619534969281,0.0040929839015006395,0.015613623429089785,0.016651605255901814,0.01585181802511221,0.005007989704608917,0.016549873864278086,0.01683133002370596,0.013574499636888504,0.013027902692556263,0.013974396977573631,0.01339570060372347,0.010876633226871546,0.003065723925828878,0.005286838859319687,0.008955623954534475,0.004650823771953645,0.01609868835657835,0.015113251283764784,0.0163921806961298,0.004858523607254028,0.011173017323017065,0.008163489401340485,0.005912240594625465,0.011462882161140442,0.01235216856002802,0.012141667306423187,0.011091295629739768,0.010666403919458334,0.013512121513485909,0.013434933498501831,0.013281289488077221,0.013202937319874646,0.0071119274944067,0.0057596564292907715,0.00341237336397171,0.015191504731774328,0.01507826894521713,0.003500293940305655,0.004488436505198486,0.0038869231939315796,0.0033273831941187373,0.0034302155254408717,0.0047442317008971535,0.013213146477937698,0.013677405193448016,0.01629450242035091,0.012045275419950426,0.015479127876460554,0.012761658523231693,0.012952413409948292,0.0047043580561875785,0.004140987992286628,0.00435758754611015,0.009202731773257368,0.0037905545905232985,0.004611447453498792,0.0036327987909317095,0.0036654789000749055,0.00335583277046669,0.003358557354658842,0.0031155541073530357,0.0033530461951158945,0.0058719329535961715,0.0030420571565627913,0.010265920311212548,0.004018910229206085,0.003479016944766048,0.003924369812011719,0.003775526769459193,0.004124356433749199,0.006984189152717535,0.004577457904815682,0.008177340030670222,0.004977276548743252,0.00447233021259312,0.012250501662492752,0.01343290507793421,0.003097422420978546,0.011721827089786516,0.007699765264987919,0.012194612063467504,0.003435313701629639,0.0032434100285173035,0.006633475422859192,0.004517627879977225,0.0044710962101816056,0.014589514583349224,0.005062811076641013,0.016089953482151143,0.012774918228387888,0.012786187231540742,0.011477762949653136,0.017838872037827913,0.004379833117127472,0.004284825176000599,0.004631705582141821,0.00992695987224574,0.006754620932042706,0.008609257638454326,0.008899324573576508,0.008508034050464523,0.00774147734045988,0.006447121500968961,0.004743557423353195,0.0013130083680152962,0.004499845206737518,0.00476126372814184,0.0019185580313206203,0.008534382097423023,0.011837443336844387,0.01166302105411904,0.01295956596732134,0.013236448168754564,0.005604255944490433,0.004336263984441868,0.015406716614961624,0.014146052533760556,0.006235957145691085,0.011823203414678622,0.01195626705884928,0.011979550123214666,0.012257870286703164,0.011539012193679695,0.01383091509342188,0.01296197809278965,0.012195020914077759,0.010315151885151868,0.0053834561258553825,0.004523927345872092,0.006672244518995287,0.006987521424889502,0.014174582436680794,0.009689282625913613,0.008009141311049517,0.010593673214316365,0.004884310066699815,0.00513733178377157,0.005334243178367629,0.003975246101617813,0.01321496441960341,0.01243023201823229,0.010685492306947821,0.011070813285186776,0.003474256023764666,0.010719427838921491,0.00357017572969204,0.0050281397998333,0.006418083823518828,0.011149812489747946,0.003940857946872763,0.011171745136380251,0.01098048989661038,0.010794356174301413,0.007761187851428986,0.01061699725687504,0.009333588182926109,0.007913336157798769,0.0038831233978271493,0.004962779581546728,0.004756979644298609,0.004594787955284188,0.010352836921811048,0.013331615831702892,0.01459983526729042,0.013797721359878778,0.011740090325474736,0.006886120885610643,0.002897500991821289,0.0040546990931034105,0.0037000067532063016,0.0035426476970314962,0.0030355807393789287,0.003319891169667301,0.0033639511093497827,0.003026574850082397,0.004821617156267165,0.0042744092643260964,0.00456781685352331,0.0042857825756073,0.004613086581230219,0.004715178161859457,0.00410120189189911,0.0037300661206245422,0.0050795748829841605,0.004537124186754225,0.0048763235972728025,0.007029419764876418,0.009192839264869695,0.004483737051487032,0.0032482370734214713,0.003214053809642792,0.004326194524765015,0.0035674944519996647,0.0036689713597297673,0.0036948304623365923,0.002485617995262146,0.0040588900446890674,0.008791017346084173,0.008233012631535532,0.008044842630624771,0.006213415414094928,0.0031369514763355186,0.014997906982898709,0.002635356038808725,0.006522923707962064,0.0024775192141532343,0.004399496130645386,0.003525421023368835,0.005900967866182327,0.006795991212129593,0.011582676321268078,0.009108003228902815,0.013258168473839756,0.017906225752085447,0.003922417759895325,0.004034601151943207,0.0053187124431133825,0.0033624134957789807,0.003188047558069236,0.0032413899898527873,0.007639736868441107,0.004366010427474976,0.011003383900970163,0.008762063458561894,0.006220020353794001,0.012704051565378963,0.006594004109501839,0.018167354457546026,0.019102543592452968,0.003032073378563039,0.0030203573405742715,0.020501540857367214,0.020623995922505856,0.008067335933446884,0.00383264571428299,0.01292760271462612,0.012672007665969376,0.00964783318340778,0.004997368901968037,0.009537721052765845,0.004857793450355537,0.003426179289817824,0.004578925669193268,0.007744036614894873,0.012179687619209508,0.0031238533556461412,0.020557658281177282,0.019183402881026268,0.02033270848914981,0.0030296072363853524,0.014083150774240497,0.010421719402074814,0.007489979267120354,0.013599365949630736,0.014638420194387438,0.014344424009323118,0.013735350221395493,0.013167224824428558,0.016986580565571785,0.017138089984655384,0.017408600077033046,0.017376424744725224,0.010388016700744629,0.014513820409774782,0.018793498165905486,0.019192300736904148,0.002434596419334412,0.004650944843888283,0.0027677863836288448,0.002664271043613664,0.003711830824613571,0.0037175714969634975,0.007526736706495278,0.007536340504884735,0.010368391871452332,0.01667081564664841,0.013535921461880207,0.01046386593952764,0.01129577681422228,0.003179663792252544,0.0049069672822951715,0.0037888307124376327,0.002010487020015668,0.004037537612020971,0.0031545497477054665,0.00683495402336122,0.005455743521451943,0.0049726720899343465,0.003387857228517477,0.0028856853023171425,0.003621918614953703,0.005287444218993239,0.009728811681270592,0.0014367550611496527,0.003851480782032069,0.002428174018859864,0.00923632085323342,0.004035166930407285,0.004874867387115957,0.002129584550857489,0.003090422600507723,0.01693911850452423,0.0036167204380033813,0.003794498741626629,0.01871234923601149,0.021074533462524414,0.012131094932556152,0.018419958651065826,0.002732686698436612,0.016618434339761734,0.0032603330910205217,0.002814353443682193,0.003900460898876135,0.004019711166620258,0.0041043646633625655,0.019070724956691376,0.012521553784608841,0.019226358737796545,0.020474663004279137,0.020982686430215843,0.00415070727467531,0.0042506866157055465,0.003959208726882931,0.00175686925649636,0.0038347933441400467,0.004885664209723469,0.0048791747540236075,0.0041008163243532745,0.0029614567756652828,0.005141928791999817,0.0037234257906675282,0.0068049505352973895,0.003219757229089619,0.0025460347533226013,0.018019286915659908,0.017222273163497444,0.015816289931535717,0.02029893547296524,0.0035890322178602743,0.0041540525853633395,0.019907698966562748,0.014193728566169725,0.014984913170337691,0.015111841261386878,0.01574867963790894,0.016051087528467182,0.015411591157317274,0.0174659015610813,0.01707752700895071,0.016420175321400166,0.01481706649065018,0.011905025690793993,0.004455171525478474,0.0054887225851416605,0.0048876740038394356,0.017473610118031502,0.016015846282243618,0.0071524367667734606,0.014443207532167438,0.005045462399721208,0.0031806640326976767,0.013221291825175282,0.01638127490878105,0.006066459231078625,0.015251809731125832,0.007942034397274256,0.00873568933457136,0.012134921737015246,0.013923918828368187,0.002429356798529621,0.017202123068273074,0.01596871018409729,0.01657496625557542,0.0148693285882473,0.01686284318566322,0.016486689448356632,0.013007353991270176,0.003361172974109653,0.003350749611854525,0.0033666081726550987,0.0038139000535011287,0.008472022600471972,0.010069476440548895,0.009726111777126787,0.008130045607686098,0.005468232557177488,0.0019479617476463808,0.009363450109958664,0.0035591647028923594,0.003317471593618393,0.003083135932684,0.0030309278517960964,0.003711559809744417,0.0038610799238085187,0.012024447321891785,0.0034337416291236877,0.0038870871067048225,0.0036410987377165772,0.003805302083492279,0.0036201402544974322,0.0036896318197250297,0.003927730023860876,0.0033462531864642962,0.003421369940042444,0.0039967307820916185,0.004296250408515334,0.0024485364556312557,0.003351598978042596,7.0,0
0.010981865227222498,0.005427256226539626,0.002866730093955993,0.006663635373115526,0.006129033863544492,0.00671415776014328,0.007578259333968159,0.006410587579011862,0.016602331772446688,0.019735676236450728,0.01754794642329216,0.012488618493080188,0.012072045356035227,0.010729763656854685,0.029228936880827006,0.03224153444170957,0.03543151915073395,0.03876402974128717,0.03397477604448789,0.004740610718727167,0.004398074001073789,0.011068321764469159,0.004603995941579342,0.005155780352651851,0.005510811693966335,0.0066782180219888175,0.004599583335220814,0.018187202513217867,0.01787498313933611,0.017632106319069918,0.0155081264674663,0.0056709200143814035,0.013600399717688559,0.0073770433664321405,0.005084559321403434,0.008092399686574991,0.0023787310346961004,0.009624972939491272,0.011490963399410248,0.008498612791299938,0.00780680775642395,0.010590787976980098,0.009714663028717038,0.013426290825009402,0.005795143544673989,0.0062631368637085785,0.017940644174814113,0.0028389245271682197,0.004464201629161828,0.003902718424797002,0.00425219489261508,0.006831802427768596,0.022324518533423432,0.021230891346931458,0.014861486852169037,0.01934682670980703,0.014349788427352904,0.012386266607791184,0.01802486926317217,0.005672957748174716,0.00505366548895831,0.015926110092550516,0.018482063896954164,0.02109801582992077,0.005315188318490982,0.022769381524994917,0.02291781292296952,0.01869821548461913,0.016856513917446074,0.01950207306072116,0.017760843038558904,0.01385334134101873,0.011054176837205887,0.009620677679777144,0.008591443300247137,0.005302511155605314,0.017065931111574114,0.01958386413753022,0.018547823652625084,0.005803495645523071,0.010458655655384012,0.011017598211765178,0.01097064465284342,0.032111670821905185,0.037809591740369686,0.03578305989503853,0.03119553253054607,0.028234913945198063,0.023071261122822758,0.022251702845096644,0.02083389833569532,0.020960040390491482,0.0059667620807886115,0.014459088444709778,0.004163715988397604,0.02231137081980705,0.0208059810101986,0.0035698302090168,0.005329227074980736,0.004281807690858848,0.0020407442934810005,0.0021094260737299928,0.00463605672121048,0.017366640269756324,0.018705444410443254,0.0217336870264262,0.014711888507008603,0.02144691441208124,0.017798014450818245,0.018467538058757726,0.006109930574893844,0.004502896219491903,0.004892818629741613,0.011876275762915669,0.003978030756115969,0.0053511634469031715,0.0038313791155815055,0.003367958590388239,0.002996284514665493,0.0031211413443086857,0.002772729145362973,0.00296663847984735,0.006729938089847509,0.0065815299749373895,0.013266023248434013,0.004930086433887482,0.0022516585886478463,0.006142675876617487,0.003475503530353364,0.005176849663257599,0.0080211386084556,0.004987139254808322,0.01671536266803736,0.0057359933853149405,0.005932278931141011,0.015290778130292946,0.017687834799289648,0.009612888097763093,0.016064167022705085,0.008829452097415895,0.012765591964125687,0.004316177219152395,0.0021614497527480125,0.0073604583740233265,0.005387572571635191,0.005101381801068783,0.017881182953715324,0.009941767901182112,0.017273171804845278,0.013966090977191922,0.015014819800853731,0.01594813750125473,0.02015096507966524,0.005018087103962952,0.004863873124122622,0.005304839462041796,0.012652263045310865,0.0070867249742150315,0.009080708026885877,0.00952695589512598,0.00947348773479445,0.008712796494364683,0.006702110171318165,0.005869533866643902,0.004120618104934699,0.0042535476386546395,0.005054730921983656,0.003201317042112413,0.010546745732426695,0.013184536248445462,0.012068418785929735,0.01702051796019077,0.018961027264595073,0.00594309344887739,0.005693268030881882,0.020322615280747414,0.014639215078204868,0.011653460562229032,0.024483434855938013,0.026118870824575424,0.02972568199038511,0.031235303729772505,0.02448458224534989,0.013393862172961176,0.011310771107673643,0.010042762383818626,0.009285321459174212,0.008374850265681685,0.005310170352459127,0.008337367326021248,0.009297784417867487,0.014181097969412743,0.012743148952722605,0.009846875909716056,0.016085388138890374,0.007102742791175731,0.007362175732851084,0.007567506283521659,0.0038436353206635077,0.02358666434884071,0.028509277850389533,0.02484028041362751,0.010623604292050004,0.0044988058507442474,0.009794579818844741,0.0042893094941973105,0.005767758935689928,0.008416891942033544,0.01986296847462649,0.0028646215796470607,0.011811914388090431,0.010444344952702522,0.011313811352010816,0.01168137043714524,0.012633544392883778,0.01345938444137572,0.008390613831579685,0.0039794929325580606,0.005984656512737219,0.004786331206560184,0.006376087665557861,0.014606882818043232,0.01945164008066064,0.020193479722365737,0.018682550173252814,0.015506949275732098,0.008256267756223616,0.006697468459606185,0.004769146442413271,0.004618966951966282,0.004334310069680216,0.0035141026601195327,0.0037576556205749507,0.0035700984299184024,0.010569915175437929,0.005412820726633072,0.005409419536590521,0.006317093968391418,0.00506129115819931,0.005915872752666418,0.005300603806972447,0.005005277693271693,0.0042735971510410795,0.00625982880592341,0.004885351285338454,0.005260312871541828,0.008072407916188296,0.011486228555440906,0.006078332662582564,0.0007798783481121133,0.00406134873628617,0.002803206443786677,0.0017204117029905874,0.0017106886953114908,0.0017071701586247635,0.0013621076941490171,0.0025479048490523733,0.01410528365522623,0.012776797637343408,0.013322452083230022,0.010553831234574377,0.003233399242162593,0.014197048731148246,0.0005948357284068645,0.006370902061462444,0.0025553405284882147,0.004673542454838753,0.009759251028299332,0.011588353663682929,0.008751776069402702,0.009455170482397069,0.011460606008768082,0.011567896232008924,0.0188991934992373,0.004936017096042633,0.005438484251499176,0.010080948472023059,0.0026777097955346107,0.0034848228096961906,0.003290850669145584,0.0072263563051819845,0.005961790680885315,0.016970804426819086,0.014401722699403815,0.006861254572868236,0.018233510665595483,0.009579179808497429,0.018603236705530442,0.020889759063720703,0.004230234771967038,0.003032676875591271,0.022235037642531097,0.023813472129404545,0.014215491712093346,0.004770740866661072,0.01941203221213067,0.018796433869283646,0.014233129099011362,0.009409986436367077,0.014377065002918247,0.00955512002110482,0.004747517406940571,0.011181600391864784,0.010324686765670776,0.0104167014360429,0.0038041323423385616,0.02305785613134504,0.024953411892056455,0.02371192583814264,0.003288112580776201,0.0132217165082692,0.0118337981402874,0.011134933680295936,0.032019805163145065,0.03664031252264977,0.03432771563529968,0.03067377209663391,0.028639517724514,0.027055272832512856,0.02665556035935879,0.02551051788032056,0.024094682186841958,0.008777761831879621,0.015044301748275757,0.026821360923349857,0.026007348671555533,0.00271780788898468,0.004600770771503449,0.0030213296413421557,0.0035322273615748796,0.00441181450150907,0.004537427797913548,0.011075813323259348,0.012199338525533685,0.01588091626763344,0.01873140037059784,0.019514290615916245,0.015088810119778029,0.016046183183789253,0.0014745239168405498,0.005378652364015525,0.0021490640938281983,0.004317425191402442,0.003860379569232408,0.0023253262042999268,0.00737886875867845,0.005884479731321328,0.005346607416868206,0.003743314184248503,0.003053071442991383,0.00275392690673465,0.006443275138735882,0.010238230228424051,0.0040859170258045144,0.004525147378444672,0.0033737905323505397,0.009562596678733798,0.003543671919032876,0.005084701813757415,0.0026427097618579795,0.0023221671581268237,0.016847774386405973,0.002287033945322096,0.004508368670940399,0.02076652273535728,0.022240325808525085,0.013704180717468277,0.02170296013355255,0.0026996955275536,0.01531482907012105,0.004194844514131485,0.004258019849658011,0.003685310482978807,0.0015988200902938845,0.001957407221198137,0.023593141697347164,0.012697555124759565,0.02045899862423539,0.018523702397942543,0.01930322498083116,0.002490954473614578,0.002630768343806264,0.002413155511021718,0.003049574792385268,0.0025813691318035056,0.003444261848926544,0.0034010633826256353,0.002591881901025828,0.0017050728201866705,0.004924625158309992,0.0012626089155674087,0.004771169275045509,0.003460876643657587,0.002989269793033593,0.018119387328624725,0.01612817496061325,0.016732465475797653,0.02387207001447676,0.0023135654628276825,0.004900906234979692,0.019453492946922786,0.015812009572982788,0.0275312289595604,0.02841627970337878,0.02984122186899185,0.029912706464529037,0.023906862363219254,0.017788185738027096,0.01627073716372252,0.015007968060672281,0.014207212254405022,0.012457093223929405,0.004837835207581576,0.006867493502795695,0.006348656490445137,0.018120290711522102,0.018023189157247543,0.00905035738833254,0.017135964706540108,0.00678329914808274,0.002880692481994629,0.02495657280087471,0.015770375495776534,0.0057738171890378,0.014014634303748608,0.00810405844822526,0.008730040863156317,0.013068658299744127,0.020142996683716767,0.0030791219323873555,0.017027044668793682,0.01463108859024942,0.016883544158190492,0.016129691153764725,0.018212242051959145,0.018644660711288445,0.013291369192302338,0.003184523433446836,0.003119565546512368,0.0036981254816055437,0.004396319389343373,0.012341874651610796,0.015808816999197006,0.0158385057002306,0.013396495953202305,0.009533472359180454,0.0019326768815517426,0.010060518980026243,0.0035385005176067352,0.0030641425400971807,0.002431282773613875,0.0024932501837610643,0.0025093564763665217,0.002802029252052198,0.012609601020812988,0.004275228828191757,0.004548724740743747,0.0043827444314956795,0.004210948944091797,0.0041289925575256495,0.0041929036378860396,0.00449474155902857,0.004224207252263967,0.003146352246403701,0.0037169009447097774,0.0043322857236489645,0.0010809078812598627,0.005987171083688736,7.0,0
0.016434933990240097,0.002664856612682357,0.005854960530996267,0.0019022300839424066,0.0013338848948477727,0.0023359060287475447,0.0050422362983226785,0.009243205189704895,0.0161304017528891,0.019232246093451973,0.02059138938784594,0.01959341764450078,0.020937379449605945,0.020813602954149246,0.07354115694761276,0.07696308195590973,0.08025982975959778,0.08436883613467211,0.07377700973302126,0.003606528043746906,0.003805488348007147,0.008288726210594219,0.006686354987323229,0.0076320348307489785,0.007695340551435948,0.009095577523112356,0.005697588436305578,0.02353139314800496,0.021570337936282213,0.023575847968459133,0.021037023514509142,0.007128290832042694,0.031833237968385164,0.009936027228832193,0.006265908479690607,0.00884006917476654,0.007332242093980312,0.016267236322164487,0.01996932551264774,0.015217617154121288,0.009375523775815908,0.015745002776384416,0.012414522469043728,0.015539445914328097,0.001973241567611736,0.00030114501714713365,0.018218483775854,0.003350554965436348,0.007547792047262199,0.0071261972188949654,0.011277146521024406,0.0015100613236428,0.02334181708283712,0.021351223811507225,0.01110613346099848,0.02052841940894739,0.01742533408105379,0.00547828059643507,0.027133680880069733,0.007845655083656304,0.006735522300004959,0.008301129098981619,0.01277189608663326,0.02028881385922432,0.009192083030939102,0.0239620092324912,0.023177333176136017,0.01764862984418869,0.014305163174867616,0.016859791707247444,0.017368748784065184,0.012263454496860518,0.01862354576587682,0.01629707217216491,0.009937535971403066,0.007545538246631621,0.0102327698841691,0.03209196776151664,0.014389622956514359,0.003446035087108668,0.0139696560800075,0.01714894175529475,0.020245019346475657,0.07178622111678122,0.08389969915151596,0.08240298181772232,0.07719742879271513,0.07283215224742899,0.048016965389251716,0.05153976380825037,0.05404482595622534,0.052613498643040664,0.006432419642806053,0.023798614740371704,0.004438661038875524,0.03579533100128174,0.033466307446360484,0.005541544407606132,0.008950779214501376,0.006120968610048343,0.006241573952138424,0.008060802472755368,0.008274897933006169,0.01412997394800175,0.01578028686344624,0.02148749935440719,0.03699865378439432,0.02199026849120856,0.015508933458477259,0.019900554791092928,0.008496742695570051,0.006766594946384374,0.0057697594165802574,0.013248382136225756,0.0023517934605478703,0.004096262156963293,0.00909115374088288,0.007724223658442497,0.007851581089198647,0.007007420994341206,0.00522549124434596,0.003268624626798389,0.004821754992008209,0.013340100646018932,0.014103069901466368,0.003303401172161158,0.005092259496450311,0.0107605308294296,0.003443184075877181,0.009165599942207331,0.011608276516199001,0.0042817480862140656,0.02660468220710749,0.0065716356039047215,0.001499414443969782,0.011396836489439005,0.01624976098537434,0.015934526920318614,0.015579532831907272,0.007747463881969382,0.02889013092499232,0.004253022372722584,0.007639863528311305,0.007794491946697291,0.008034683763980862,0.0074862390756607064,0.02818529587239027,0.017235096544027266,0.03715967247262597,0.015750508755445425,0.010016903281211909,0.013793169753625932,0.040162014134693946,0.0069098174571990394,0.00633111409842968,0.006387749686837085,0.0129022784531116,0.009130432270467448,0.01200100872665638,0.012462140060961307,0.012307507917284858,0.011449156329035756,0.004527106881141664,0.008567063137888912,0.008281115442514426,0.007132120430469617,0.006831403821706772,0.007377922534942578,0.009565986692905482,0.01100915297865851,0.01875337027013313,0.04043498542159797,0.021107636392116533,0.0069416798651217825,0.001722674816846792,0.046529756858944886,0.028632909059524536,0.01825141161680209,0.0631764829158783,0.06753716431558138,0.07211417518556124,0.07267571426928042,0.058081151917576734,0.006165318191051483,0.004923444241285324,0.004545997828245111,0.0061871130019426354,0.015103350393474043,0.00310983322560782,0.00862615089863533,0.010624101385474087,0.008248612284660277,0.014629185199737603,0.0096723018214106,0.041111849714070614,0.0031564831733702503,0.003195997327566147,0.004146944731473992,0.0034625753760338385,0.05279500409960746,0.06290491856634617,0.05738725326955296,0.011915820185095016,0.00880373828113079,0.024258911726064925,0.008924935013055801,0.008679205551743509,0.012911925237858668,0.0454162629321217,0.00620384514331818,0.011832321062684113,0.019683972233906392,0.006706302345264703,0.0180981494486332,0.00703755021095276,0.019832506775856004,0.011250170879065992,0.0023390091955660663,0.003290019929409027,0.007597871124744464,0.0015533640980721214,0.015741372480988503,0.02221981668844808,0.02406375738792127,0.02200511982664466,0.017943505197763443,0.009631823748350088,0.011914663016796171,0.00679909810423851,0.006644764915108618,0.0062597105279565395,0.005283334292471353,0.00439221505075682,0.0041095968335867475,0.01763617992401123,0.008712798357009888,0.0009554550051688523,0.0023770332336426336,0.003165863454341889,0.003211356699466761,0.00837156176567072,0.003157682716846466,0.0038872584700583436,0.006851756945252474,0.005351224914193096,0.005094073712825664,0.010788125917315485,0.015442714095115719,0.0019870214164257605,0.008593529462814338,0.004881326109170914,0.007778316736221214,0.006909041665494386,0.0076725902035832405,0.007973736152052827,0.009728334844112452,0.0051477001979947645,0.015180278569459915,0.015981703996658325,0.014006054028868677,0.01291748695075523,0.009990029036998804,0.0322278426028787,0.008877377957105574,0.012075476348400005,0.011361751705408152,0.009802279062569141,0.015877399593591683,0.019540332257747643,0.015468910336494453,0.012046784162521359,0.01786163076758384,0.015946460887789726,0.01601369073614478,0.003648817539215144,0.002192288637161255,0.009825050830841064,0.0052730934694409926,0.009579587727785105,0.009113717824220552,0.014830795582383875,0.001552231609821264,0.016139161307364702,0.014255069196224213,0.008132942020893,0.01575373811647296,0.012736732140183449,0.012089879310224205,0.026733428239822388,0.009528882801532844,0.007416710257530205,0.017097120522521436,0.02025139518082142,0.013255063444376049,0.011178139597177615,0.017164397228043582,0.016881029936484937,0.01696337945759296,0.007064603269100231,0.011899136006832126,0.008814450353384011,0.005712874233722742,0.018466364592313773,0.016272097826004032,0.013808920979499921,0.009410172700881963,0.01863751234486699,0.03239058330655098,0.0205416432581842,0.00590331107378006,0.017367063090205196,0.019663620740175247,0.020211398601532087,0.06835599523037672,0.07886981032788754,0.07688143476843834,0.07184334471821785,0.0693490207195282,0.05157286860048771,0.05224312841892242,0.05035788379609585,0.04747452586889267,0.009865749627351764,0.026125013828277588,0.0379153685644269,0.03613202273845662,0.00667484104633332,0.010466070845723156,0.006992746144533157,0.008333693491294869,0.0108388289809227,0.010181987658142927,0.01304193213582034,0.009549807757139213,0.015119268558919432,0.03323308005928993,0.01769795641303057,0.012766514904797188,0.019211329519748795,0.009327191859483715,0.011799257248640116,0.005177516490221027,0.009476758539676666,0.003096350468695164,0.0059245266020298,0.013935044407844564,0.012252839282154978,0.011525208130478855,0.009751077741384395,0.007635934744030181,0.005153477191925104,0.004125950857996826,0.016881428658962236,0.010252684354782049,0.004157803952693939,0.007207382470369339,0.016273409128189115,0.0034565985260997523,0.010843566618859771,0.00972823798656463,0.006101153790950789,0.028975680470466614,0.00477286800742149,0.002777308225631825,0.020774599164724343,0.024671360850334167,0.022440999746322517,0.024917304515838627,0.008234918117523166,0.0289477719925344,0.004924327135086115,0.009377843700349331,0.011968128383159679,0.007559254765510559,0.00680166296660889,0.02609965205192566,0.019868239760398858,0.03711131238378584,0.020772885531187057,0.02082285657525064,0.005904601886868532,0.004925619810819685,0.0046582445502281215,0.00991129875183111,0.0052594877779483795,0.006189469248056412,0.006937285885214918,0.007694886997342165,0.007963217794895169,0.010092556476593071,0.008119732141494702,0.008761938661336895,0.00809453427791585,0.007472790777683258,0.014936357736587524,0.01769289188086987,0.040019040927290916,0.029548697173595432,0.004158282652497236,0.001370895653963089,0.028993861749768257,0.023627758026123047,0.06236118637025356,0.06397040560841549,0.06644590571522713,0.06764498725533485,0.0545081002637744,0.011858061887323856,0.009786485694348812,0.009790859185159208,0.010622127912938595,0.018731284886598587,0.001732699573040064,0.005710682831704615,0.0070850271731615596,0.012370379641652107,0.0195050947368145,0.00763937039300799,0.03891144553199409,0.0035269260406494765,0.005037263035774238,0.054664907976984985,0.011364200618118048,0.010875619947910307,0.022021340133505873,0.012208090629428623,0.011839629150927063,0.016327396617271117,0.04607257060706616,0.007846968248486522,0.012609953060746195,0.01953478856012225,0.011904369574040171,0.02076157554984092,0.016422636806964867,0.022532731294631958,0.015233984217047802,0.004175638779997874,0.0053648725152015825,0.009194910526275529,0.003945872187614441,0.012144447304308413,0.016177499666810147,0.015504045411944334,0.012428034096956251,0.009389484301209452,0.009990688413381577,0.017036616802215576,0.010130969807505549,0.009132601320743556,0.008538206107914448,0.0074230851605534,0.0053507117554545385,0.004083857871592046,0.021706432104110718,0.010402742773294456,0.0023503005504607053,0.0049462392926216,0.004526451230049132,0.005065180361270891,0.009857568889856344,0.004577547311782892,0.0049066096544266215,0.005700001493096347,0.003385895863175392,0.002572598168626428,0.008390255272388458,0.00982318446040159,7.0,0
0.017519470304250658,0.003622569143772139,0.006791345775127411,0.0015650764107704718,0.0021708011627196155,0.0008964613080024719,0.00484869256615645,0.009621143341064564,0.017390973865985815,0.02077380567789072,0.013868002220988218,0.020755179226398475,0.02237716689705855,0.02253910154104233,0.07352053560316563,0.07672271132469187,0.07967045158147817,0.0834704227745533,0.07289425563067198,0.004561528563499395,0.004021339118480738,0.012200392782688156,0.00635939184576273,0.007217939943075124,0.007568363100290191,0.00999800674617285,0.0058385664597153655,0.02538351528346533,0.023007389158010483,0.025570402853190958,0.022960536181926672,0.007750123739242555,0.03227333910763258,0.01127685979008669,0.009414047002792287,0.00990514457225794,0.008471866138279383,0.017495296895503942,0.02184241265058523,0.016698230057954733,0.011253766715526524,0.01776864379644394,0.011458497494459092,0.016737001482397262,0.0026045143604278564,0.0010004714131355153,0.020255746319889915,0.004447836428880801,0.007927384227514274,0.007636640220880453,0.011158009991049713,0.0006535425782203537,0.02660029171966011,0.023965185508131967,0.014645531773567188,0.022603972814977225,0.01890428178012377,0.0035317954607307907,0.0234302058815956,0.008146572858095162,0.006925843656063073,0.008199159987270832,0.01031603571027523,0.02294016070663917,0.009470213204622269,0.02703899727202952,0.026296211406588558,0.017206564545631353,0.017490208148956285,0.01982463104650384,0.019747897982597303,0.01483713835477829,0.020156498998403542,0.01805790886282921,0.011949870735406931,0.0077465660870075235,0.00864623859524727,0.033220781013369616,0.01208282634615898,0.0034937262535095076,0.013138607144355666,0.01851503923535347,0.022168751806020792,0.07140413578599686,0.08344430290162558,0.08222173526883125,0.07736778259277348,0.073212156072259,0.04854955710470677,0.05236817337572569,0.05469485744833941,0.05332285724580284,0.006008042022585817,0.020643442869186457,0.005186505615711211,0.034105562604963835,0.03436986729502678,0.006215371191501673,0.0089303646236658,0.006246898323297501,0.0069714523851870935,0.009546916699036956,0.008610032498836524,0.017324827611446436,0.019723730161786083,0.0250359817873686,0.03775797598063951,0.02426458988338709,0.017297766637057118,0.015843020752072282,0.008660748600959615,0.007501099258661214,0.006224872544407845,0.015289513394236563,0.00284945219755178,0.00473783165216457,0.009892161935567918,0.008859075605869293,0.009088225662708341,0.007296754512935988,0.005855382652953378,0.004345029708929193,0.0049057956784964146,0.013599090278148714,0.015624873340129852,0.00417505949735647,0.006095452234149087,0.012391448020935005,0.0038402967620641,0.009483100846409798,0.013779599219560571,0.00509501993656164,0.022962138056755062,0.00732483714818954,0.002150274813175201,0.006500210613012307,0.010831564664840644,0.017564363777637496,0.012931901961565023,0.011815220117569013,0.02924550999887276,0.004937514662742615,0.008184994570910986,0.00967301428318018,0.007715711370110513,0.0069723334163427925,0.02929327543824917,0.014977626502513759,0.03707949956879025,0.016829648986458726,0.007745519280433663,0.014471376547590009,0.03994862313629705,0.006734808906912857,0.006457483395934105,0.006885526701807861,0.014736700803041403,0.010901105590164772,0.01413584779947996,0.014438983984291557,0.014153417199849968,0.013071192428469658,0.0101680606603623,0.008612366393208611,0.009267810732126291,0.00859290733933453,0.007201924920082092,0.008547212928533561,0.009985318407416231,0.008812695741653383,0.017010031268000436,0.040372420102357864,0.017724536359310122,0.008149120956659265,0.002169825136661474,0.04614196717739112,0.02905501239001752,0.01825459301471699,0.06385238841176027,0.06809620186686521,0.07236276566982269,0.07272051833570004,0.05839414708316326,0.004913358017802183,0.0038433652371168132,0.0045393239706754684,0.0052052419632673255,0.013376235030591429,0.003540547564625636,0.009600486606359536,0.011783530935644987,0.007136136293411192,0.012456033378839493,0.010267696809023565,0.04153232974931603,0.001928955316543704,0.003109846264123861,0.0029099583625792416,0.004499029368162211,0.05251424759626388,0.062417549081146724,0.05734836310148227,0.009899522876366916,0.008661963045597076,0.0250330725684762,0.008307246491312979,0.00808717682957655,0.011742772214347495,0.04549945611506706,0.007027354091405872,0.009716909378767069,0.019491762155666892,0.007285640400368666,0.015609983354806912,0.004037529230117798,0.016608558595180553,0.01017139293253422,0.003616072237491493,0.003868788480758667,0.007925178855657682,0.002261705696582905,0.0172694968059659,0.024075366090983097,0.02619224484078586,0.02434911159798504,0.020453626289963767,0.010934349149465616,0.013186559081077577,0.007538586854934749,0.0067817959934473,0.006309281103312914,0.005716234445571899,0.004852713085711002,0.004342447966337261,0.016016557812690742,0.008936148136854165,0.0017884187400339301,0.0024140849709511497,0.003826804459095001,0.0031032934784888666,0.008491214364767019,0.003938056528568268,0.00444062054157246,0.007666027173399982,0.005503562279045525,0.005413105711340793,0.012278957292437552,0.017505321651697162,0.0011529400944709225,0.0085146613419056,0.005704078823328018,0.007407516241073693,0.006726178340613788,0.007319235242903234,0.007976980879902788,0.010506033897399902,0.0058657620102167685,0.018922555260360185,0.016012198291718904,0.019410559907555584,0.018186094239354137,0.010202601552009694,0.03224802622571588,0.00988456234335909,0.01589205116033543,0.011140666902065327,0.010499107651412484,0.015821065753698342,0.020731054246425608,0.015740156173706055,0.012342039495706562,0.01860446482896804,0.016467897221446034,0.01523183425888419,0.004642225801944663,0.003001779317855835,0.010063465684652384,0.006129787303507439,0.010531641542911523,0.010089829564094543,0.014511396642774347,0.001681953668594291,0.017887323629111055,0.014293516054749484,0.003170087933540483,0.019365094602108,0.013090662658214573,0.010142633283976464,0.02708879113197327,0.010563537478447065,0.008416548371314989,0.01462968799751252,0.017964065074920654,0.01310450397431856,0.012044753879308708,0.020807551452890042,0.0194616147782653,0.00947695784270763,0.006424188613891643,0.012474283576011658,0.009075187146663707,0.006127394735813085,0.018457431346178062,0.016556303948163986,0.01420563086867343,0.010380193591117859,0.016244494356215,0.031183980405330658,0.018342393916100264,0.006777606904506682,0.017870413139462474,0.02069457620382309,0.021539788693189614,0.06587658077478409,0.07736772671341896,0.0759333446621896,0.07121197879314423,0.06893353909254074,0.05073858983814716,0.0512821190059185,0.04916738159954548,0.04677809588611126,0.010270692408084871,0.02746611833572377,0.03701857477426529,0.03509038221091032,0.007685910910367966,0.0113952960819006,0.008003957569599263,0.008964354870841018,0.011741808615624905,0.011119930073618884,0.00736970826983451,0.00994395092129708,0.015950464643537998,0.03175630606710912,0.020434469915926456,0.013036082498729062,0.011683501303195952,0.00948699004948133,0.012605536729097366,0.005764797329902649,0.01052384823560714,0.003974197432398742,0.007027525454759598,0.01570323854684825,0.013163248077034949,0.01256345678120851,0.010130517650395632,0.008008436067029834,0.006280593224801122,0.003862775862216835,0.018621228635311102,0.010322835296392378,0.005125932395458277,0.008140753954648972,0.02074867486953736,0.004847507254453376,0.011686048470437528,0.0122450403869152,0.00724276900291443,0.029005452990531918,0.0055812224745750965,0.003957487642765045,0.019392408430576318,0.02310790121555327,0.02435731142759323,0.023347266018390656,0.010658957064151708,0.029049136675894264,0.005721360445022639,0.010246000252664093,0.012909717857837608,0.006943048909306526,0.0061505716294049705,0.02499567531049252,0.01963584497570992,0.03346483642235398,0.014478981494903563,0.01721059530973435,0.005450773984193857,0.004957458004355432,0.004902010783553127,0.010099172592163141,0.007604543119668802,0.008924892172217314,0.010297412052750587,0.010630169883370457,0.010320581495761871,0.014149844646453856,0.007666656747460372,0.009402293711900708,0.009121429175138371,0.0075565800070762626,0.01377907395362854,0.018136860802769668,0.03997480496764183,0.027582041919231408,0.005577364936470985,0.0023436397314071586,0.023903341963887208,0.02438134700059891,0.061672559008002274,0.06319810263812542,0.06581915356218815,0.0663852896541357,0.05244113877415657,0.010851885192096232,0.00984751340001822,0.009789672680199145,0.010656825266778469,0.01853346265852452,0.0022884160280227106,0.00686118006706238,0.00790823064744473,0.01235918328166008,0.018058031797409058,0.008564272895455359,0.036746717523783334,0.002571899443864829,0.006023690104484558,0.05420777108520269,0.011121694929897785,0.011689005419611927,0.021212677471339703,0.012477074284106493,0.012329258024692534,0.01635413276380859,0.045919984579086304,0.008819533511996273,0.011282691732048995,0.01962850755080581,0.010392556432634592,0.020654398947954167,0.015165591612458226,0.021627776324748986,0.015441068448126429,0.005152398720383585,0.006311789155006423,0.010169610381126407,0.004741296172142029,0.013155986554920672,0.017724820412695352,0.018399357795715332,0.015213819220662173,0.011894116178154944,0.010349057614803314,0.020334623754024492,0.011086842045187893,0.009471703320741707,0.008393164724111609,0.007653768174350206,0.006493454799056053,0.005805345252156313,0.024613022804260254,0.011281698942184448,0.0033603385090826827,0.005930155515670762,0.005473673343658447,0.005981713533401475,0.010803040117025377,0.005526773631572779,0.005695626139640926,0.006361497566103932,0.005383102223277092,0.003821061109192614,0.009930387139320374,0.013947483152151108,7.0,0
0.02059801667928695,0.005953371524810791,0.009681653231382314,0.00427874177694315,0.0050160512328146925,0.004139766097068842,0.008314404636621586,0.014702750369906425,0.01986570004373789,0.023360848426818848,0.019360914826393075,0.02403778210282325,0.025741551071405515,0.025946564972400662,0.07393398135900503,0.07689573988318449,0.0796689428389073,0.08331255987286568,0.07259004097431893,0.0064917802810667705,0.007195211946964264,0.018570087850093897,0.010068162344396114,0.010759614408016205,0.011293412186205278,0.015094865113496725,0.00950906239449978,0.03086850512772793,0.02665808703750372,0.031146381050348226,0.02866712398827065,0.01246754080057138,0.030366240534931418,0.01697285473346704,0.014118149876594504,0.014324698597192771,0.01128276158124214,0.02098365873098373,0.025390073657035942,0.02044581994414324,0.014696184545755388,0.02136762067675596,0.015939306467771527,0.013279995415359793,0.005615085363388117,0.0047565773129463204,0.024073297157883426,0.0075822630897164935,0.0111432783305645,0.01100456714630127,0.01414779317565268,0.0037859082221985,0.030164757044985783,0.028173407539725307,0.02139644324779505,0.0249810796231032,0.022688915953040185,0.007486091926693972,0.02792226523160933,0.01131482422351842,0.010214135050773504,0.004420877899974586,0.008264972828328667,0.027116931974887844,0.012961886823177338,0.029870746308006287,0.02949702087789785,0.023883081972599085,0.02333947271108626,0.02505080914124841,0.023381453007459585,0.020531311631202698,0.023655474185943548,0.021675158292055248,0.015301890671253373,0.011152554303407669,0.005484433844685558,0.03076115902513271,0.010223501361906528,0.006292380392551422,0.01767653599381441,0.02214163914322865,0.025824867188930626,0.07081092428416014,0.08304318413138377,0.082038264721632,0.07761426642537111,0.07354324124753481,0.04748639091849327,0.0511872861534356,0.0533368475735187,0.05149579420685769,0.009066259488463398,0.023533150553703308,0.0077249556779862,0.033405425027012825,0.03224912006407976,0.00939077883958822,0.012609036639332823,0.009460631757974623,0.010217494331300314,0.012626494979485871,0.012194078415632248,0.02425194904208189,0.025306602939963344,0.02901459648273885,0.035286444239318426,0.027056551538407803,0.022293981164693888,0.022000791504979026,0.013093059882521577,0.011750418692827114,0.009976236149668749,0.020477617159485817,0.00611634179949766,0.007580287754535675,0.011613007634878105,0.011325212195515631,0.011820627376437244,0.01032523857429618,0.008873522514477428,0.007369136495981198,0.008362431079149298,0.01524242758750922,0.019510407000780102,0.006393454968929291,0.00937221944332128,0.012491092085838262,0.007348202634602784,0.013173893094062809,0.019205950200557653,0.008207444101571988,0.026784047484397888,0.01109512336552132,0.0050589442253113895,0.007917791604995728,0.012117438018321935,0.017748229205608382,0.017367735505104002,0.017242565751075842,0.02757100574672217,0.007604897022247259,0.011687886901199877,0.01435080170631414,0.011282369494438059,0.01055175904184591,0.02645713929086924,0.01873088628053659,0.035974255064502414,0.01459001936018462,0.006317123770713806,0.018934855470433887,0.03868958321982069,0.01041746698319912,0.01031669788062572,0.010676193982362858,0.01938426494598383,0.015500723384320797,0.019137384369969312,0.02021086309105164,0.020595775917172317,0.019350029528141008,0.015789881348609952,0.012666380032896944,0.012030269950628279,0.011656265705823949,0.010224323719739907,0.0116020105779171,0.01302160322666168,0.009722385555505638,0.017525039613247032,0.03907265048474068,0.02256775647401807,0.012208215892314913,0.0047905966639519215,0.04501370154321194,0.02758059836924076,0.0189940184354781,0.06365767493844028,0.0678197536617518,0.07178290933370596,0.07181784510612488,0.056925259530544337,0.009095359593629782,0.00782987847924238,0.007449904456734656,0.008774254471063614,0.01737182121723884,0.006772041320800729,0.013040147721767316,0.01545448973774904,0.011170092970132769,0.01651677489280701,0.013631492387503276,0.03953095246106392,0.004605688154697475,0.00617861002683634,0.006069816648960121,0.007631450891494641,0.051311770454049103,0.061551452614367015,0.05621039588004352,0.009034524904563973,0.012475848197937012,0.02220127242617309,0.011760961264371874,0.011710226535797123,0.015295981924282387,0.04410446435213089,0.0103723518550396,0.009572280570864731,0.017733744578436017,0.011307526670861993,0.01964816078543664,0.008166115731000841,0.02098511159420012,0.013915404677391052,0.006695367395877672,0.006592005491256714,0.011062625795602896,0.00495240092277538,0.020609539933502563,0.028012336697429363,0.030735295033082317,0.029208125080913305,0.025519505143165533,0.01593662053346645,0.013749130070209515,0.012111693620681822,0.010821992531418738,0.01006039977073675,0.009142491966485922,0.008466623723506926,0.008069794625043978,0.017158448696136475,0.01234983280301094,0.0049445480108261655,0.004966333508491515,0.006283029913902227,0.005368821322917938,0.012048281729221295,0.006328769028186854,0.007479503750801031,0.011406308040022795,0.00937905628234148,0.009013532893732024,0.01825225725769997,0.023055776953697208,0.0047385469079017075,0.012350242584943778,0.00825488194823265,0.010614216327667222,0.009896297939121671,0.010729549452662468,0.011552885174751231,0.014462456107139587,0.009173237718641812,0.022633811458945274,0.02026526816189289,0.02314087562263012,0.02204286493360996,0.013882551342248972,0.03014602744951844,0.014085520058870309,0.01920243352651589,0.01452158391475688,0.01364985853433609,0.01998916268348693,0.024718195199966424,0.02030135318636893,0.01471733674407005,0.02147465571761132,0.01833592914044857,0.011666306760162002,0.006309866905212333,0.006016142666339874,0.011796090751886423,0.00943425949662935,0.01345028728246688,0.013127133250236504,0.018502530641853813,0.005286581814289038,0.01969132712110877,0.01639853976666927,0.00724374502897275,0.020659239497035745,0.016026152297854424,0.007146354124415666,0.027799665927886963,0.013423930853605373,0.011393632739782326,0.01190593733917922,0.015472809784114359,0.014076584950089453,0.014923110604286194,0.022092057508416474,0.02066524419933552,0.01306291110813618,0.009641107171773952,0.01475720107555389,0.010044332593679421,0.008927531540393774,0.02301299944519997,0.021362438797950863,0.015858143568039055,0.013260647654533386,0.013637331780046223,0.028640691190958027,0.015894918236881498,0.008846566081047058,0.01981908641755581,0.02317172288894653,0.025335051119327538,0.06800482980906962,0.07853547297418118,0.07694797217845918,0.0722801685333252,0.06904035806655884,0.04943178407847881,0.04990741051733494,0.048994315788149716,0.04771091043949127,0.011632699519395835,0.031213894486427307,0.03482650965452193,0.03276908956468105,0.010445978492498398,0.014023566618561757,0.010866284370422363,0.012411569943651779,0.015561374370008709,0.01400215364992618,0.011015590280294356,0.012681994587183013,0.017751059494912624,0.03291766345500946,0.02156140189617872,0.016463857144117466,0.01618044450879097,0.013259038329124395,0.016222268342971802,0.009013189002871513,0.014024432748556082,0.007183103822171686,0.010088931769132614,0.019367504864931055,0.016865169629454602,0.016217404045164585,0.013720414135605041,0.011373545276001209,0.00951499788789073,0.006990738213062227,0.022531114518642405,0.013153828680515234,0.0065867751836776725,0.01093393936753273,0.02424809336662298,0.007937705639051273,0.014370416291058062,0.016254402697086334,0.010471574962139144,0.03298144042491913,0.008796446025371607,0.007385268807411194,0.016803957521915432,0.02205268293619156,0.028033763170242296,0.02098143845796585,0.01376928389072418,0.02827041270211338,0.007961004972457997,0.013139219023287295,0.016286075115203802,0.009985791519284248,0.009364876896142852,0.022714849561452862,0.02373483031988144,0.036646972876042135,0.02011505886912345,0.02024845406413079,0.008677078410983086,0.008266456425190026,0.007930958643555648,0.013028405606746727,0.011627959087491035,0.013574084267020227,0.015189308673143385,0.015575002878904403,0.01501254364848126,0.017602533102035578,0.011068550869822506,0.01202402263879775,0.011969324201345341,0.01103265956044197,0.011144191026687622,0.015192585065960891,0.03883164282888174,0.025697372853755958,0.009154668077826444,0.0055897869169711355,0.02886020950973034,0.028177365660667406,0.06115616858005524,0.06274281069636345,0.06699239276349545,0.06766536831855774,0.05428407434374094,0.011988240294158457,0.010952330194413662,0.010780028067529195,0.011520684696733952,0.019611448049545288,0.0054407753050325644,0.01020277477800846,0.011185677722096384,0.013502229005098343,0.017639923840761178,0.011261806357651949,0.03834439674392343,0.005423627793788917,0.009106792509555824,0.054119941778481014,0.007424343377351761,0.013911329209804531,0.021509199126739983,0.014039923902601005,0.01385711319744587,0.01725580226047896,0.0441622594371438,0.011813202872872365,0.008450558409094817,0.016807068604975942,0.008580647874623537,0.020779415965080258,0.01214831136167049,0.02220746129751204,0.016479574143886674,0.008217662572860709,0.00887656956911112,0.0130411945283413,0.007696874439716325,0.0161111969500779,0.020635253749787696,0.021416956558823586,0.01847354881465436,0.015450807288289016,0.013889346271753256,0.02374108880758285,0.014704430475830981,0.01302539929747587,0.01184962503612047,0.010898020118474962,0.009682405740022658,0.0088605135679245,0.028195723891258236,0.01417818292975425,0.006716970354318508,0.006988033652305589,0.0068325474858284,0.007249280810356141,0.013615548610687249,0.006467379629612025,0.008100114762783056,0.008971298113465255,0.008223902434110643,0.006730971974320711,0.014307282865047457,0.017761044204235032,7.0,0
0.0220889598131181,0.0077870190143585205,0.011609371751546915,0.006616324186325129,0.0069157481193541925,0.006258964538574219,0.011108722537755966,0.018056286498904228,0.023644163273274843,0.027281002141535282,0.022997606545686663,0.02532618492841715,0.026818916201591443,0.027081646025180872,0.06951870396733277,0.07261096313595777,0.07562629133462911,0.07946395687758923,0.06915350910276175,0.008378207683563177,0.010032117366790716,0.0225796177983284,0.012011895887553692,0.012865046970546246,0.014075703918933813,0.018362939357757558,0.012226248160004616,0.03501494508236652,0.03055631741881365,0.03544559422880411,0.03283333778381342,0.01539758220314974,0.02775548305362463,0.020657617598772,0.01761978119611729,0.01773320883512497,0.014277818612754343,0.02220594882965093,0.026096761226654053,0.021545816212892428,0.015894282609224375,0.022176578640937854,0.0187254473567009,0.01008458947762858,0.00804364681243898,0.007109977304935497,0.028949042782187295,0.010868020355701556,0.014211174100637445,0.013934854418039329,0.017294464167207483,0.006090365350246485,0.03537490707822138,0.03340965323150158,0.02552374452352529,0.02927037794142978,0.02439342625439178,0.008284294977784101,0.02983472496271133,0.014510873705148744,0.013311412185430528,0.0027271197177469717,0.007537493482232203,0.03238661028444767,0.015891093760728836,0.034772318089380805,0.034392761997878614,0.02775423973798741,0.0278894118964672,0.02918094908818597,0.028276454657316163,0.024839147925376892,0.024676281958818387,0.02263705059885984,0.01636675000190741,0.014219071716070182,0.0049102008342744,0.026996025815606173,0.008652593009173868,0.009897157549858107,0.020346101373434008,0.02390662580728519,0.026386991143226686,0.06718941684812307,0.07908093370497221,0.07779588550329207,0.07307920232415199,0.06892730668187136,0.0443120077252388,0.04699330590665335,0.0493128784000873,0.04762662574648858,0.012242507189512251,0.025632575154304504,0.0097502321004867,0.03125806525349623,0.028675079345703125,0.011827483773231395,0.015461357310414309,0.01260963454842573,0.01325269229710102,0.015894699143245816,0.015060838311910631,0.028331454843282755,0.02986044995486731,0.034184793708845966,0.03176105394959455,0.031391276977956295,0.025903137400746342,0.025728518143296242,0.016088401898741674,0.014518301934003774,0.012517761439084951,0.02450316213071352,0.009239334613084791,0.010921418666839487,0.016615968197584215,0.015732860192656517,0.015808825381100178,0.013867542147636469,0.01218058669473987,0.010787888953927904,0.011140987277030943,0.01953119412064559,0.023587103933095932,0.008368559181690159,0.012267658486962315,0.01882651448249817,0.010221571894362623,0.01597118191421032,0.022900983691215567,0.011317647993564606,0.02871252596378329,0.013346891850233078,0.008346669375896565,0.010419044643640518,0.01385927945375437,0.022831536829471588,0.01993041858077049,0.021086849272251115,0.025359080638736486,0.00979527086019516,0.014488319866359291,0.01768276840448378,0.014168556779623032,0.012971088290214594,0.02284273877739912,0.021617699414491647,0.03324675792828208,0.012175092473626026,0.00398750603199005,0.02243035461287951,0.037823828984983265,0.012791702523827608,0.012548830360174184,0.012755125761032271,0.023507710546255063,0.018502240069210474,0.02261248230934143,0.024376635439693983,0.024793915450572857,0.023381866514682825,0.019761517643928642,0.015807086601853315,0.013855934143066457,0.013558138161897715,0.013470713049173244,0.013315439224243115,0.016356876119971275,0.006880965083837561,0.015114169567823516,0.03617227356880903,0.024568140506744537,0.015001485124230444,0.007322594523429871,0.04327372740954166,0.024997244589030687,0.02257022261619558,0.05912037938833225,0.0633698739111424,0.06754123792052269,0.06778446584939958,0.053219991736114025,0.0121317971497773,0.010874412953853607,0.010416630655527115,0.011953791603446009,0.0204120697453618,0.009590789675712478,0.016372943297028486,0.017914401367306706,0.014183882623910843,0.01943593472242361,0.01695622224360693,0.03615703899413358,0.006948791444301714,0.008695218712091335,0.008644234389066703,0.010582685470580944,0.04865134693682193,0.05827473290264607,0.0527371540665626,0.007993790088221429,0.015328543260693554,0.019047272042371333,0.014732745476067125,0.014808936044573787,0.018377232510829344,0.04107898846268648,0.013252921402454442,0.007749306038022095,0.015333374263718724,0.012238669500220569,0.022502433508634567,0.010362438857555334,0.023523420095443708,0.016996566206216757,0.00958387367427338,0.010066024959087372,0.014259707182645841,0.00846748054027574,0.02437134739011521,0.03227079613134254,0.035262032179161906,0.03380915010347957,0.02990799769759178,0.01951101794838911,0.01937663555145264,0.014853196218609862,0.013370443135499841,0.01200720574706793,0.011531486175954342,0.011257081292569582,0.011030456051230486,0.021401718258857727,0.015378024429082924,0.00783348456025118,0.008382081985473702,0.00856289267539978,0.009016893804073393,0.014991719275712913,0.008365757763385828,0.009823679924011286,0.013431573286652568,0.012433667667210154,0.012030742596834842,0.022132961079478264,0.027018958702683445,0.006830863654613386,0.014720622450113303,0.010015551000833496,0.011560946702957306,0.012265023775398787,0.01295080315321684,0.013720965012907878,0.01660952717065805,0.011635953560471587,0.02708364464342594,0.02421518228948111,0.026356438174843788,0.025039603933691985,0.015677925199270304,0.02856592473108321,0.01661983504891395,0.02013804763555524,0.016283430159091998,0.016074340790510178,0.022601362317800515,0.02670700475573539,0.022390998899936683,0.016426861286163327,0.02319357171654702,0.019708869978785508,0.009528581984341145,0.008058026432990972,0.007736280560493468,0.01657767221331602,0.012167786248028336,0.01483140513300895,0.014510672539472582,0.01993913343176246,0.007151789963245392,0.024876650888472795,0.021884176880121228,0.011468268930912144,0.024390787351876497,0.019430862739682142,0.00742507172981277,0.028460443019866943,0.014996193349361525,0.013048022985458369,0.010149675305001438,0.013877250254154205,0.0195423886179924,0.016265254467725754,0.026740036206319928,0.02523605886381114,0.017251642420887937,0.014416612684726757,0.018522284924983985,0.015150945633649776,0.010965503752231652,0.025398220866918564,0.023322161287069317,0.01725768297910701,0.014804292470216744,0.012015509884804487,0.026287654414772987,0.01417433703318238,0.010459333658218384,0.021166147664189342,0.02417103573679924,0.02702192589640617,0.06636459939181805,0.07667240686714649,0.07485755160450935,0.06980318576097487,0.06532782129943371,0.046408450230956085,0.0469079352915287,0.04651201702654362,0.04539572633802892,0.013276020064949995,0.03142535686492917,0.032283193431794754,0.030365449376404282,0.012108530849218363,0.01550165750086308,0.01249171793460846,0.014898440102115329,0.017609728500246998,0.015386028215289112,0.014932695776224131,0.017151784151792592,0.02293590363115067,0.03094347845762968,0.02529383730143297,0.019844545517116896,0.019910842180252075,0.015329897403717038,0.017668839544057898,0.011467665433883669,0.016573276370763782,0.009946147911250593,0.011574368923902513,0.02057770639657976,0.01839282922446733,0.018037819303572115,0.015844286419451237,0.013824089895933868,0.012186726264189929,0.009786058217286949,0.023596994578838223,0.015585549175739231,0.008366107940673773,0.013328783214092258,0.024363249540329063,0.01058838760945946,0.015911041758954532,0.018560092896223068,0.011999882757663623,0.03341303765773773,0.011239336803555485,0.009090155363082886,0.01197537407279014,0.01679576188325882,0.028837479650974263,0.01900622993707657,0.015157163143158,0.02709853369742632,0.009806841611862238,0.015764840878546238,0.01777065545320511,0.012198980897665024,0.011609591543674412,0.020379192195832733,0.02477702870965004,0.03602673579007387,0.0162915401160718,0.015890214592218406,0.01092630997300154,0.010605024173855782,0.010345131158828735,0.015217475593090113,0.014676820486783985,0.016923017799854282,0.01867285743355757,0.01896583475172525,0.018105616793036457,0.01804953813552856,0.013315735384821954,0.014584209769964216,0.013558629900216952,0.013978339731693276,0.006297625601291663,0.013873307034373287,0.03784762416034937,0.02261485904455185,0.011806376278400362,0.007869228720664971,0.02801048941910267,0.029028885066509264,0.05755852535367011,0.06013746187090872,0.06460457108914852,0.0655279830098151,0.05240108631551266,0.013791545294225216,0.012678216211497784,0.012468003667891137,0.0131826875731349,0.021167645230889324,0.00791088119149203,0.013021041639149245,0.01420182548463344,0.015334179624915125,0.019252635538578027,0.014108096249401512,0.036538990680128336,0.00797263532876969,0.010975345969200134,0.0525002796202898,0.005159186664968728,0.015404703095555304,0.01975507038878277,0.015508722979575397,0.015420300886034962,0.0187771336059086,0.041916641406714916,0.013544404879212385,0.00429242663085461,0.015300170052796604,0.010044529102742672,0.02240515872836113,0.010428681969642636,0.023201152682304386,0.01801328547298919,0.010373618453741016,0.010442383587360618,0.014485567808151259,0.009264454245567308,0.019442260265350345,0.024762006476521492,0.02608190663158888,0.023432280868291855,0.018869129940867424,0.01597118377685542,0.02453557401895523,0.016605131328105868,0.015059309080243166,0.014061976224183979,0.01336302794516092,0.012235978618264145,0.011433489620685631,0.02827337384223938,0.015643671154975898,0.008715651929378398,0.008659057319164248,0.008712373673915863,0.008947663009166705,0.01511320099234581,0.00825773179531103,0.009887889027595579,0.011448824778199192,0.01080583967268467,0.009320645593106802,0.017139080911874768,0.02045093476772309,7.0,0
0.023781634867191245,0.005340240895748125,0.01161149889230706,0.009105239063501254,0.005278900265693581,0.007598727941513061,0.013487553223967552,0.02110651880502706,0.026230021379888,0.029133577831089493,0.019590485841035732,0.027328688651323367,0.028984270989894933,0.029252111911773605,0.06939282082021231,0.07270982861518865,0.0757738128304482,0.07938827760517593,0.06811401899904007,0.0064209327101706895,0.007998153567314148,0.021265178918838543,0.016115274280309618,0.016894117929041275,0.01722928229719401,0.021536469459533747,0.016190605238080025,0.03848731331527228,0.03393550217151632,0.03873200342059136,0.03607560321688647,0.01750970631837845,0.0246525406837464,0.02370475605130189,0.023578613996505682,0.019214224070310648,0.01622546743601561,0.02367774024605745,0.02791502699255949,0.02290121465921396,0.017179086804389954,0.023824241012334824,0.02056068927049631,0.007408334407955406,0.005046576261520372,0.005990907549857982,0.028318502008914843,0.013012520968914143,0.011462677270173978,0.011733643710613357,0.02055435872171074,0.007568500936031341,0.035536650801077374,0.03271275572478771,0.0221787393093109,0.031505971681326635,0.02777938731014739,0.01092098699882632,0.03928314149379741,0.011539030820131243,0.010426178574562071,0.0014315503649413575,0.0060207694768906715,0.03059352748095989,0.013683155179023744,0.035858913208357934,0.034543764311820324,0.022932697087526318,0.02489722892642026,0.02632905496284366,0.02675358578562731,0.0232409387826919,0.026297383010387358,0.024099089205265045,0.017658829689025882,0.011400181800126974,0.003351411782205103,0.024754442274570517,0.0069584036245942645,0.005316264927387293,0.02207015454769129,0.02505063265562052,0.02850259840488434,0.06599708460271353,0.07882104068994511,0.07776010408997536,0.07284564897418022,0.06849425472319133,0.04235554672777647,0.0455660037696361,0.047864854335784864,0.04603246413171287,0.01300974935293198,0.03924684226512909,0.008628197014331873,0.029284197837114338,0.02707116305828089,0.0113944374024868,0.013692582026123995,0.011007931083440779,0.01564709562808264,0.01835515419952577,0.013285633176565226,0.02378522977232933,0.02639172039926047,0.03300494118593639,0.029821415431797563,0.03234854526817798,0.02367294672876596,0.021456928923725967,0.01916743628680696,0.019204687327146468,0.016487825661897604,0.0259891282767058,0.01172978430986399,0.007096834480762412,0.02285938709974289,0.019694162532687187,0.018930261023342658,0.016818803502246737,0.015268773538991863,0.013697536312974993,0.013624701648950636,0.026230037212371937,0.024136304855346624,0.0063481777906417855,0.013294408097863246,0.0302787721157074,0.01330284314462915,0.015133071690797806,0.026111889630556,0.008085981011390693,0.0412516444921493,0.017256140708923395,0.0073776692152022205,0.015966143459081542,0.020146526396274508,0.03387662768363954,0.026485048234462738,0.021238818764686626,0.02218338730745017,0.008582703769206999,0.01571586821228266,0.019683845341205642,0.01729783415794367,0.016773486509919222,0.02047614380717277,0.028070118278264937,0.031315881758928354,0.008316399529576246,0.010817736387252865,0.021045623114332668,0.034105701197404366,0.016795084811747074,0.01661984808743,0.01671584881842142,0.023667227476835195,0.02125224377959956,0.0251174159348011,0.026664339937269688,0.02712618187069876,0.02595050074160099,0.021314278244972232,0.01869025267660623,0.014678094536066047,0.015034846961498247,0.010331165045499746,0.013926457613706485,0.01890620402991777,0.008173212409019463,0.008712906390428437,0.03456469252705574,0.032205700874328544,0.018376970663666725,0.009793657809495815,0.040604802779853344,0.022253330796957016,0.03458522260189045,0.05810603685677052,0.06252739578485494,0.06679315492510801,0.06678115017712115,0.05178907513618464,0.014475816860794962,0.013119120150804523,0.012651661410927769,0.013994479551911354,0.025179887190461103,0.012157816439866857,0.0192767959088086,0.02150391973555093,0.016602272167801798,0.02521504834294319,0.019561248831450828,0.034062830265611466,0.009447254240512905,0.011213313788175644,0.010950475931167604,0.009514894336462076,0.046782698482275065,0.05712166521698231,0.051259689964353934,0.010875440435484052,0.015252474695444109,0.016600013012066428,0.017117263749241832,0.016054563224315643,0.021957258373731803,0.03925394453108312,0.011863891035318378,0.010494711808860356,0.01078304951079184,0.015148929844144732,0.02907246351242065,0.014789673499763012,0.031199268996715525,0.01953371055424213,0.010112486779689844,0.005668178200721685,0.011215832084417392,0.005200713872909504,0.027313359081745148,0.03469655523076648,0.037331203697249286,0.03527389233931899,0.031075198203325268,0.021547850221395548,0.02900730818510057,0.01787003315985219,0.016149144619703185,0.015458262525498924,0.015116524882614613,0.015035112388431969,0.014574412256479263,0.03472383320331573,0.012803319841623306,0.008371632546186496,0.0045545995235442005,0.006323575973510742,0.005142077803611754,0.012617487460374777,0.006289899349212702,0.008427374064922277,0.017204714938998163,0.015830246731638853,0.01500393566675473,0.024883732199668943,0.029897997155785564,0.008551578968763303,0.017764434218406684,0.008963543921709059,0.01488117873668682,0.017202778719365652,0.017591841518878937,0.017408257350325532,0.0194893442094326,0.01500130351632839,0.02687793597579002,0.0269695557653904,0.026396572589874268,0.025123346596956253,0.01962847262620926,0.02411634213058278,0.01841658726334577,0.024345546960830564,0.02139410749077796,0.01837424747645866,0.022288352251052856,0.02763269841670989,0.02221187949180603,0.020091664046049115,0.02623596042394637,0.024886654689908024,0.007838889956474304,0.005761317908763815,0.005559511482715607,0.019105814397335046,0.014005137607455365,0.01573934778571139,0.01579948142170906,0.024173978716135032,0.006909616291523021,0.02537349378690129,0.0235822107642889,0.010065086185932076,0.02570862229913473,0.023432411253452246,0.014159017300698906,0.04065768420696258,0.01585964858531963,0.013372160494327538,0.010678609716705978,0.014255729503929615,0.021992094814777367,0.017894800752401352,0.02668114010157296,0.02571791142690921,0.01617118529975414,0.01437481492757802,0.018557449802756254,0.018141146749257986,0.015094995498657228,0.0255032368004322,0.02333657443523407,0.02220036089420329,0.015760019421577447,0.012513813097029923,0.025590399280190468,0.014423365239053963,0.00949905812740326,0.026468591764569286,0.028570462018251426,0.02869057655334472,0.06124822981655609,0.07292791455984116,0.07152143120765686,0.06723047979176043,0.0648015346378088,0.04587904550135136,0.04668848402798177,0.04445987008512031,0.040097642689943314,0.017388740554451946,0.041586101055145264,0.03152055945247423,0.029745240695774555,0.012662556022405623,0.017496591433882717,0.012850753962993615,0.01767698512412591,0.020016377326101058,0.017308922484517094,0.013616334646940169,0.016259547322988517,0.023596204817295074,0.025013074278831482,0.02700900193303824,0.019356041215360286,0.017724877223372456,0.018897861242294308,0.021516162902116887,0.014797991141676903,0.019164655357599314,0.011415056884288843,0.01107455417513846,0.023924544453620973,0.021852623671293248,0.02101251017302274,0.01948133297264576,0.01745232078246789,0.014443944615777582,0.0124137178063392,0.027255136519670483,0.01994360238313664,0.006427057087421473,0.015387607738375662,0.03159442543983468,0.012289886246435344,0.018830920569598675,0.01971719786524773,0.011955294758081332,0.04401811957359314,0.014412300661206294,0.007845818996429443,0.017849758267402642,0.02087535709142684,0.035557195544242866,0.02865727245807648,0.018378973007202117,0.020718743093311787,0.008854284882545527,0.018014115281403068,0.02224769443273552,0.01681461930274969,0.016264993697404806,0.018941780552268028,0.03087259829044342,0.029425640590488918,0.01070619374513626,0.010841310024261482,0.015631534159183617,0.014741217717528341,0.014426633715629581,0.01982723921537405,0.01598280295729632,0.01730042882263655,0.017769260331988446,0.017991388216614775,0.017650846391916268,0.022440671920776367,0.017180699855089198,0.015567518770694731,0.013974405825137995,0.01276170834898948,0.0053133442997932425,0.0081853810697794,0.03304979298263788,0.03391540795564652,0.013939395546913149,0.008349988609552335,0.02091889455914497,0.036545164883136735,0.05729700811207294,0.0589273739606142,0.06045877933502208,0.06123519316315651,0.04707804135978221,0.01989594008773565,0.01874589081853628,0.01870012003928424,0.018903885036706924,0.029044434428215023,0.00997071154415602,0.015051197260618206,0.01693750359117973,0.021378925070166584,0.028221674263477325,0.016837432049214784,0.03080907464027405,0.010553259402513513,0.011827301234006882,0.04821311868727207,0.005195386242121458,0.019025014713406563,0.013479203218594192,0.020931630861014128,0.02013060264289379,0.025665713612397667,0.039317557588219636,0.015473434701561931,0.004949489608407024,0.010312972124665977,0.017003444489091638,0.03190358728170395,0.018180539831519123,0.03350588679313658,0.02406844962388288,0.011769935488700808,0.009479932487011192,0.015120096504688263,0.007394157350063309,0.02195270080119366,0.02619295846670866,0.025314339436590668,0.021702323108911514,0.01886160299181938,0.01984420046210289,0.03027241677045824,0.01987535879015917,0.01888195052742964,0.01852421369403601,0.01772100105881691,0.01509189233183861,0.013351186178624684,0.037371918559074464,0.01681840047240258,0.008394755423068891,0.00667989999055861,0.0069377124309539795,0.007289081811904893,0.016493652015924454,0.0063821822404862005,0.008767448365688442,0.015318524092435944,0.012508627958595751,0.011515158228576185,0.017825651913881302,0.020636346191167776,7.0,0
