0,0,0,0,0,0,0,0,0,0,0,0,0,0,0,0,0,0,0,0,0,0,0,0,0,0,0,0,0,0,0,0,0,0,0,0,0,0,0,0,0,0,0,0,0,0,0,0,0,0,0,0,0,0,0,0,0,0,0,0,0,0,0,0,0,0,0,0,0,0,0,0,0,0,0,0,0,0,0,0,0,0,0,0,0,0,0,0,0,0,0,0,0,0,0,0,0,0,0,0,0,0,0,0,0,0,0,0,0,0,0,0,0,0,0,0,0,0,0,0,0,0,0,0,0,0,0,0,0,0,0,0,0,0,0,0,0,0,0,0,0,0,0,0,0,0,0,0,0,0,0,0,0,0,0,0,0,0,0,0,0,0,0,0,0,0,0,0,0,0,0,0,0,0,0,0,0,0,0,0,0,0,0,0,0,0,0,0,0,0,0,0,0,0,0,0,0,0,0,0,0,0,0,0,0,0,0,0,0,0,0,0,0,0,0,0,0,0,0,0,0,0,0,0,0,0,0,0,0,0,0,0,0,0,0,0,0,0,0,0,0,0,0,0,0,0,0,0,0,0,0,0,0,0,0,0,0,0,0,0,0,0,0,0,0,0,0,0,0,0,0,0,0,0,0,0,0,0,0,0,0,0,0,0,0,0,0,0,0,0,0,0,0,0,0,0,0,0,0,0,0,0,0,0,0,0,0,0,0,0,0,0,0,0,0,0,0,0,0,0,0,0,0,0,0,0,0,0,0,0,0,0,0,0,0,0,0,0,0,0,0,0,0,0,0,0,0,0,0,0,0,0,0,0,0,0,0,0,0,0,0,0,0,0,0,0,0,0,0,0,0,0,0,0,0,0,0,0,0,0,0,0,0,0,0,0,0,0,0,0,0,0,0,0,0,0,0,0,0,0,0,0,0,0,0,0,0,0,0,0,0,0,0,0,0,0,0,0,0,0,0,0,0,0,0,0,0,0,0,0,0,0,0,0,0,0,0,0,0,0,0,0,0,0,0,0,0,0,0,0,0,0,0,0,0,0,0,0,0,0,0,0,0,0,0,0,0,0
0.001179676502943039,0.0014078170061110895,0.0008758977055549691,0.0008245706558226568,0.001346133649349282,0.0010673403739929893,0.0007669329643249512,0.0006109569221735001,0.000950690358877182,0.0010978616774082184,0.0017050988972186557,0.0012793727219105253,0.0012038126587868223,0.0011225026100873912,0.000994583591818813,0.001207504421472553,0.0014810003340244883,0.00174675695598131,0.002104109153151512,0.0013291090726852417,0.0011967681348323822,0.0017784312367439131,0.0007633049972355366,0.000729744322597925,0.0006385846063494127,0.0006474293768406504,0.0009006657637655726,0.0009618508629500879,0.0010039443150163807,0.0009524498600512743,0.0009099515154957754,0.0005909353494644165,0.002087652683258053,0.0006330702453851179,0.0010818094015121876,0.000665314495563514,0.0006533428095281133,0.0010485872626304626,0.00115263834595691,0.0009603295475244522,0.001087915152311325,0.001126948744058609,0.0011940589174628813,0.0011763656511903382,0.0014765188097952686,0.0013726353645324985,0.0007543675601482391,0.00043276418000470773,0.0010220669209957123,0.0008745826780796051,0.0008736271411180531,0.0011095553636550903,0.000974586233496666,0.0008581681177020077,0.0015022940933704376,0.0010161474347115049,0.0010512078297326144,0.0011505642905830782,0.0014626383781433105,0.0009660199284554083,0.000952884554862865,0.0011940449476242065,0.0012604207731782835,0.0008421647362411031,0.0008847415447235663,0.0010877586901188487,0.0011201724410057068,0.0012274431064724922,0.0009719356894493068,0.001131759956479128,0.0007882136851548628,0.0012718364596367507,0.0011378079652786255,0.001053860411047939,0.0011568553745746613,0.0009361617267131805,0.0012048291973768563,0.0011680088937283117,0.00130941323004663,0.0013222806155681055,0.0011856472119687878,0.0011095404624937855,0.0010761935263872147,0.0020214805845171213,0.0017187185585498775,0.0014598611742258037,0.0012077279388904572,0.001049803569912914,0.0011505708098410996,0.0012474041432141703,0.001356818713247887,0.0014586057513953365,0.0008031260222196024,0.0015592873096466064,0.0011408179998397827,0.0012379480176605289,0.0012010652571918241,0.0009434148669243414,0.0007739216089248102,0.0009520053863525946,0.0005380818620323025,0.0007224379041871898,0.0007735230028629268,0.0011379923671484583,0.0009005643660203175,0.000963062047958374,0.001394082792103347,0.0011291727423667353,0.0012549720704556622,0.001454968005418781,0.0006356667727232014,0.000725321471691083,0.0010050255805253983,0.0007067695260047357,0.0004491358995436512,0.0012465938925743797,0.000974312424659729,0.0007386654615402742,0.0007384112104773556,0.000663415528833867,0.000568260380532648,0.0005543623119592667,0.0006774924695492346,0.0010326765477657457,0.0006179660558700562,0.0013674646615982056,0.0004275944083928576,0.0016860812902449729,0.0006455937400460798,0.0006210850551724417,0.0006944797933101654,0.0010219588875770014,0.001550048589706421,0.0011061755940318108,0.001074343919753959,0.001317389309406225,0.0012785419821738642,0.0012128949165344655,0.0009913146495818398,0.0012320354580878656,0.002481307834386777,0.0011894367635251202,0.0004670144990085983,0.000819422304630224,0.000677221454680077,0.0007612099871039391,0.001157964259618893,0.001069590449333191,0.002903472632169668,0.002196177840232849,0.001812033355236109,0.001390472054481444,0.0030577275902033373,0.0008772728033364383,0.0010048006661236286,0.0010417653247712932,0.0008112266659736078,0.0008286738302557559,0.0006547328084706705,0.0005394199397414927,0.0005171191878617365,0.0005314601585269529,0.0017896890640259622,0.0006125587970018387,0.000522460788488395,0.0007037613540887763,0.0010609589517116547,0.0006600506603717735,0.0008033253252507921,0.00170192867517472,0.002141792327165548,0.0026731574907898886,0.0011373460292815607,0.0010182792320848075,0.0005812086164951324,0.0029454976320266724,0.0025704987347125938,0.001214265823364244,0.0010988842695952052,0.0012234952300786972,0.001439601182937733,0.0016110418364405615,0.0017434751498511263,0.0012455990072339769,0.001233034767210539,0.0011852593161165714,0.0009436607870157432,0.0009185932576656827,0.0005129501223564703,0.001058287918567657,0.001106273382902145,0.0012889520730823283,0.0009636804461479187,0.0008425638079643839,0.0018003126606345177,0.0008204132318497259,0.0007371753454208374,0.0008134283125400474,0.0006845593452453058,0.002666065207449664,0.0023548621975351125,0.0021662025246769745,0.001087399199604988,0.0005765231326222966,0.0014535076916216139,0.000862760585732758,0.0007763642352074935,0.0009235255420207977,0.00239791302010417,0.0006188657134770792,0.001314457505941384,0.0018107574433087713,0.0011206250637769213,0.0010478794574737549,0.0009581595659255981,0.0011694133281708319,0.0009275828488171647,0.0004904642701147877,0.0013355538249015808,0.0010769963264465263,0.001339457929134369,0.0011005504056810778,0.0010995548218487566,0.001018621958792213,0.0009096197318285149,0.0008750967681407928,0.000593487173318856,0.0011954531073571084,0.0006701927632092874,0.0006347661837935985,0.0006536860018968582,0.0006539281457662023,0.0007315371185540598,0.0008287599994217798,0.0014963299036025446,0.0009331926703453064,0.0007785484194754513,0.001460656523704515,0.0013284608721733093,0.0013848245143890242,0.0008594710379839533,0.001373685896396637,0.0012016408145428328,0.0010956740006803356,0.0009363468270748299,0.0007489603012800772,0.0005800016224383753,0.0007890239357948338,0.0008317679166792713,0.0017046835273505385,0.0008943229913711548,0.003002762794494629,0.0016751429066062533,0.0017718682065605566,0.0017220491426997442,0.0016232160851359385,0.0014616071130149622,0.0013893432915210707,0.001348885707557257,0.0014582951553167578,0.0014960250991862267,0.0016830060631036724,0.0017047943547369142,0.001577805727720264,0.002600468695163727,0.0019221156835556585,0.0006929636001586914,0.0012515969574450891,0.0012585557997226784,0.0013581849634647439,0.0013372264802455347,0.0013022441416979426,0.0011913981288671528,0.0009627719409763813,0.0012611597776412825,0.0011671409010887146,0.0015165008371696431,0.0007655806839465505,0.00025257095694541237,0.00022779405117034912,0.001313118264079093,0.0008807778358459473,0.0016303732991218567,0.0015737917274237217,0.0025804415345191956,0.001203969120979309,0.0012860633432865143,0.0009791655465960503,0.0020106434822082797,0.0002778023481369643,0.0004940181970596313,0.001172765158116817,0.001260619581444189,0.0016553103923798163,0.0001428239047527799,0.001466594636440277,0.0016008242964744013,0.0019936282187700237,0.001814741641283089,0.0016409177333117086,0.0016645016148685854,0.0022595897316931082,0.0013119466602802762,0.00138864666223526,0.0013199541717767715,0.000254020094871632,0.0012318608351052363,0.001070928294211515,0.0012507644132710438,0.0007330439984797946,0.0011339085176587122,0.0012204796075821478,0.0011581145226954893,0.001816672040149569,0.001486392691731394,0.0012597199529409409,0.0009217914193869158,0.0008240044116973287,0.0009355610236526091,0.0009467545896768587,0.000945395790040382,0.0009199352934957106,0.0008116867393255789,0.002925097942352295,0.001072950661182348,0.001099990215152502,0.0005222521722316673,0.0001548938453197514,0.0005121380090714056,0.0009240908548236466,0.0010662432760000229,0.000268459320068401,0.0021804729476571066,0.0016981195658445376,0.0017518512904642902,0.0008652527030790224,0.0014499984681606223,0.001530926674604527,0.0018488019704818726,0.0016887243837118157,0.001815170049667414,0.0013067331165074745,0.001632309518754536,0.0006829593330621719,0.0005646161735057831,0.0020289383828641025,0.0015911757946014404,0.0014251444954425097,0.0013236998347565532,0.0012158378958702079,0.0010092183947563726,0.0007231235504150946,0.0019172914326190948,0.0017678160220384598,0.0012032911181451,0.0005012638866900877,0.0033029615879058283,0.0008892389014363272,0.00040242355316871814,0.001693101599812511,0.0004390142858028481,0.0025161802768707275,0.001291413325816393,0.0007085874676704962,0.0006028711795807024,0.0006740614771843095,0.00238027423620224,0.0011641979217529297,0.0025107264518737793,0.0020933486521244604,0.0010484717786312173,0.0005838815122842823,0.0020981170237063806,0.0019192886538803027,0.0019453667337073768,0.0010638115927577019,0.0017328448593616416,0.002821739763021469,0.001668941229581715,0.001025088131427765,0.0017972949426621199,0.0016122112283483148,0.0014322292990982533,0.002005908638238914,0.0011586876353247848,0.0011207754723727694,0.0011502206325531006,0.0012268599821255166,0.0013656883966177147,0.003199264407157898,0.0018285564146936495,0.0007067006081343287,0.00036161392927163555,0.0005034022033214569,0.0006635785102844238,0.0013799257576465607,0.0025616362690925043,0.001360163092613359,0.001209236797876712,0.0006820447742940106,0.0023071840405463687,0.002090193331241594,0.0008469223976133589,0.0008623506873845499,0.0008393097668886219,0.0010619722306727773,0.0012324946001170947,0.0012426152825354975,0.0012514060363173485,0.0012281881645321846,0.0008788667619227244,0.001253567636013024,0.0006495937705041088,0.0010567302815616122,0.0012391258496790565,0.0011958735994994085,0.0011491142213344574,0.0008558779954910833,0.001401443965733106,0.0008104778826237211,0.00045920908451085873,0.001967473450349644,0.0007708473131060635,0.0004871450364589691,0.0007979022338986397,0.0007918905466794968,0.0006065564230084437,0.0008866987191140643,0.0022336251568049192,0.0003282036632298903,0.0005333349108694874,0.0010430272668600082,0.0007313778623938526,0.001543886959552765,0.0007113907486200333,0.0017041340470313887,0.0008638842264190316,0.0004683770239352694,0.0006583034992218018,0.0002883709967135828,0.0009131580591201782,0.0011889012530444387,0.0013725683093071019,0.0014864001423121574,0.001501595601439476,0.0015188483521342278,0.0017970670014620348,0.0025072097778320174,0.0016037160530686361,0.0015626871027051284,0.0015359070093835525,0.0014476550277321976,0.001225661952048707,0.0010695594828576396,0.0032333731651306152,0.0001328326761723675,0.0007167533040047316,0.001037999987602345,0.0010339394211768549,0.0009291023015977062,9.183585643779413e-05,0.0011464804410933893,0.0009782388806343079,0.0011874933261424307,0.0010157898068428586,0.0008402280509471893,0.00147292111068964,0.001557501032948494
0.0015360265970230103,0.0012252852320671082,0.0011041983962058466,0.001708403229713426,0.001400858163833632,0.0016065239906310896,0.0019436851143836975,0.0013968590646981638,0.0019355230033398785,0.002080366015434265,0.002768874168395989,0.0015734471380710116,0.001644134521484375,0.0017141029238700867,0.0030068885535001755,0.003312721848487802,0.0036458484828471617,0.003956291824579294,0.0038641209248452824,0.0011899694800376892,0.0011745691299438546,0.003015860915184007,0.0011087357997894842,0.0010467851534485817,0.0010042022913694364,0.001126468181610104,0.0012073772959411136,0.0014854371547698983,0.0014764033257961273,0.00146353174932301,0.0013695498928427714,0.0011635348200797965,0.003179529681801737,0.0015001576393841622,0.002218775451183333,0.0015339888632297446,0.000612410716712474,0.00151154026389122,0.0016937889158725739,0.0015510357916353502,0.0016207192093133926,0.0017076563090085428,0.0017473129555583,0.002236600965261404,0.001234687864780426,0.0013913437724113048,0.0015300763770938475,0.0010055126622319221,0.001066315919160843,0.0010627247393131325,0.0006864527240395511,0.0015788301825523376,0.0020669829100369887,0.0018650786951184832,0.003007505089044571,0.0019920244812965254,0.0014657102292403579,0.001701835542917307,0.002228245139122065,0.0011436156928538652,0.0012114904820919106,0.002002206631004812,0.0019177203066647061,0.0019139987416564863,0.0010805502533912659,0.0021261218935251305,0.0023371446877717937,0.002995802089571953,0.002215031534433365,0.002571564167737902,0.0017766989767551457,0.0024190507829189925,0.0015847496688366006,0.0016170851886272986,0.0017041098326444626,0.0011570192873477936,0.001995840109884851,0.0025229533202945627,0.0018264227546751495,0.0010819211602211484,0.0016915248706937391,0.001757083460688591,0.0017515793442726135,0.003594477660954054,0.0037988852709531715,0.003627849742770195,0.0032697077840566635,0.00297367200255394,0.002543571405112687,0.002755332738161087,0.0029953438788651865,0.0030682384967802845,0.0011746566742658615,0.0015647411346436102,0.0011159665882587502,0.002247659314889461,0.0024361291434615287,0.0012194067239761353,0.001066187396645605,0.001197036355733927,0.0008338661864401029,0.000855376438266775,0.0009345989674329272,0.0030050519853830893,0.002280033077113275,0.002201559022069033,0.0027278973720967215,0.002293884754180908,0.0025734752416610718,0.0029375497251749073,0.001036718487739667,0.001355729997158106,0.0013106381520629467,0.0012911837548018022,0.0012355335056780103,0.001169744879007277,0.0014708265662193298,0.0010494776070117395,0.0009704576805233938,0.0009400765411555758,0.0008941674022936441,0.0010584979318082333,0.0018302462995051783,0.000983327627181986,0.0014684870839119513,0.0012447908520697992,0.000976590439677287,0.002658933401107705,0.0012349579483268997,0.0008472036570310575,0.001261645928025197,0.0011864155530929565,0.0019124448299407404,0.0014363275840879042,0.0013717487454414368,0.0018025785684586126,0.0024057850241661766,0.0012746900320053378,0.0016068667173386175,0.002392351627349798,0.0033304151147604544,0.001180831342935458,0.0006738593801855486,0.0017810761928557794,0.0012696264311670147,0.0012325136922299862,0.0025190228370773893,0.0008875951170921326,0.003680758178234156,0.002809874713420868,0.002639524638652746,0.0025070123374461503,0.003859443590045142,0.0012843143194913873,0.0012934459373354912,0.001376350410282558,0.0018983893096447546,0.0019499484915287426,0.002168844221159816,0.00220450595952576,0.002143420279025977,0.00193589646369219,0.0029266178607940674,0.0013529732823371332,0.001308917999267592,0.0011570341885089284,0.001090262085199356,0.0013129860162734985,0.0018562860786913785,0.002205956727266256,0.0027721002697945196,0.0038113445043563825,0.0022894293069839478,0.0016384474001824856,0.0014924630522727966,0.004063291475176867,0.003305032849311891,0.0013447329401970465,0.0027943374589085024,0.0030697751790285666,0.0033911671489477158,0.0035225627943873943,0.003193701093550938,0.0017303873319178269,0.001750644762068987,0.001684986986219882,0.0013619529709102962,0.0005935914814472129,0.0015329252928494852,0.0014920665416866545,0.0014728244859725237,0.001644764095544816,0.00108533352613438,0.0017013251781463588,0.0030063698068261147,0.0017328262329101562,0.0018239021301269531,0.001887351274490301,0.001178245991468485,0.004110541573027149,0.00402302251313813,0.0036917424295098145,0.001857999712228775,0.0007444275543093673,0.0024349242448806763,0.0007638103561475873,0.0008743009530007835,0.0008264165371656418,0.0037701446563005443,0.001012999564409256,0.002003021538257599,0.002610441297292706,0.0014171861112117802,0.001133069396018982,0.0012877173721790314,0.001637317240238148,0.0010100440122186574,0.0012254938483237665,0.0011224932968616486,0.001135807484388289,0.0012863054871558588,0.0016226042062044699,0.0017284648492932857,0.0017580892890691757,0.0016382936737499576,0.0014510974287987293,0.0012310370802879333,0.001759566366672502,0.0009980853646992492,0.0009874179959296625,0.0009155278094113428,0.0009004573803395588,0.0010536331683396738,0.0011568027548493065,0.0021770447492600042,0.00112244114279747,0.0014499016106127513,0.0011622756719589372,0.0011207982897758623,0.0010933801531792242,0.0011204332113267101,0.0011611580848693848,0.001180164515972082,0.001388690434396378,0.001359764719381928,0.001439284533262199,0.0017539989203215166,0.0013016480952500221,0.0016889721155166626,0.0011758226901292784,0.0009765289723873138,0.0029219388961792547,0.0009387398604303048,0.0009305854327976151,0.0009206645772792957,0.0013029929250478762,0.0009331289911643226,0.0015217792242765392,0.0014095343649389025,0.0016080858185888456,0.0016146148045664277,0.0012558829039335216,0.0031219972297552006,0.001294158399105072,0.0019821450114251293,0.0016152188181877691,0.00041475333273410797,0.001387674361467306,0.001638609915971756,0.001393981277942609,0.001510890200734194,0.0016694869846105645,0.001745764166116666,0.002115904353559017,0.0011486113071442206,0.0013254806399345537,0.0019741343567148957,0.001026496291160639,0.000766329467296531,0.000813364982604925,0.00034455023705959233,0.001539126038551275,0.0017289258539676632,0.0018861480057238977,0.002852071076631546,0.001854140311479513,0.0013409196399153953,0.0018078177236020556,0.0025856494903564453,0.0007981918752194075,0.0008662082254886072,0.0019091612193733454,0.002052228985121418,0.002133099362254142,0.000834878534078598,0.001724194735288613,0.0019259043037891943,0.0026315199211239225,0.0023529045283794386,0.0022702086716889815,0.0022073062136768185,0.0025106184184549643,0.0014868639409542084,0.0015057660639286007,0.0015862751752138138,0.0008484497666358948,0.0019721757853404243,0.0024187602102755945,0.002081736980471705,0.0007817558944225936,0.0018155248835682886,0.0017691235989332234,0.0017271358519793632,0.003800590988248531,0.003930168226361223,0.003660393878817555,0.003197183832526207,0.002924276515841425,0.002590525895357132,0.0027195522561669367,0.0027776984497905888,0.002905981615185736,0.00128775089979161,0.0017922371625900269,0.002418876625597477,0.00243818992748851,0.0009280703961849768,0.0008787009865044992,0.0008751265704631805,0.0007269047200678686,0.000614105723798275,0.0007327497005462716,0.0026821624487638474,0.002242849208414557,0.0018674824386836208,0.002733474611886666,0.002069521695375491,0.0024620108306408484,0.0026042144745588337,0.001131466589868014,0.0012113079428673346,0.0009783080313353616,0.0016998024657369232,0.0012739263474941254,0.0008296221494675099,0.0012212954461575734,0.0008668806403875351,0.0008264228235930213,0.000802927650511265,0.0008499734103679648,0.0010247081518173773,0.0018033348023890894,0.0006977468729019165,0.0018479898571968079,0.0011605620384215198,0.0008533708751201075,0.0024718493223190308,0.0012305332347751184,0.0006402349099516869,0.001541005447506908,0.0008916854858398507,0.0022379904985427856,0.0010785642080008429,0.0012608021497725885,0.002321861684322357,0.0027913376688957214,0.0011616051197052002,0.002210944890975952,0.0023371353745459955,0.003065343946218546,0.0011225119233131478,0.0005349926650524139,0.0017419457435607355,0.0011321490164845627,0.0011410414299461438,0.0023026335984469015,0.000960618257522583,0.003552790731191635,0.00294875353574741,0.002898097038269043,0.0011247562943025868,0.0010917411418632228,0.001121725887060221,0.002020556479692466,0.0015377216041087553,0.0016624187119305142,0.0017476566135883331,0.0016254429938271087,0.0014320362824946087,0.0027457252144813815,0.0011073560453951359,0.001167926937341579,0.0007200613617897103,0.0011742189526558477,0.0024151019752025604,0.002533748745918274,0.003733281977474634,0.0026825219392775934,0.0013053562724962835,0.0015302821993829485,0.0030012913048267503,0.0015270784497261047,0.0027755554765465096,0.002920981496572491,0.0032726880162955475,0.003560135141015053,0.0033817919902502927,0.0018313368782400512,0.0017169816419481659,0.0016206130385398327,0.0014440990053118394,0.000634800642728809,0.0015843957662582397,0.0013897437602282117,0.001228666515089571,0.0018998240120708387,0.0015971846878528526,0.001719538122415546,0.0031668059527873993,0.0018064677715301444,0.0011144950985907953,0.003804278094321545,0.001986395567655565,0.0007210848852992058,0.0025962749496102333,0.0006453120149672031,0.0009827613830566389,0.0009032711386680612,0.0038000836793798953,0.0007616039365529494,0.0018770452588797726,0.002497762441635132,0.0016590496525168436,0.0013398826122283936,0.0016720835119485855,0.0019015148282051086,0.0012422685977071524,0.0012207180261612563,0.000774532556533869,0.0008188523352146149,0.0010931640863418024,0.0013152444735169966,0.001446064561605457,0.0015936754643917604,0.0016293982043861788,0.0017224212642759085,0.0016029849648476757,0.0016022101044654707,0.0010482659563422203,0.00087393494322896,0.0007660644332645461,0.0008322594221681912,0.0009490363299846098,0.001071835169568657,0.0021086484193801602,0.0008337944746018011,0.0014711730182170313,0.0010220408439635675,0.0010440498590470054,0.0009033083915709894,0.0008563362061977942,0.0010949000716209967,0.001026019454002318,0.0010913775768130471,0.0012495396658778746,0.0014405772089958226,0.0012957975268365063,0.0016093123704195595
0.0008819065988063257,0.0008013769984244745,0.0005675852298737127,0.0016520544886589605,0.0010800883173942705,0.001447632908821092,0.0023102387785911005,0.0015784427523613531,0.002867422997951563,0.0032580532133580364,0.003972087055444717,0.0009584762156008564,0.0010768659412859205,0.00122939795255661,0.0023049302399158478,0.002629024907946642,0.0030244886875152,0.003501554951071739,0.0038272524252533358,0.000578798353671986,0.0005356967449188788,0.002561502158641857,0.0013410262763500222,0.0012881825678049963,0.0012925369665026665,0.001333817839622494,0.001466364134103059,0.0019270449411123445,0.002058189827948754,0.0017457045614719946,0.001602373085916044,0.0010933838784694672,0.0034169461578130687,0.001651881262660023,0.0014444589614868442,0.0012621507048606248,0.00043445127084851265,0.0009247213602065485,0.0012174751609563828,0.0011364240199326393,0.0014537014067172484,0.0011935867369174957,0.0012179454788565636,0.0017812624573707025,0.000781960785389002,0.0010558590292928521,0.00197497289627796,0.0010488294064997516,0.00044534355401999043,0.0005714148283004761,0.00032804813235997807,0.0013512298464775224,0.002676369622349739,0.0023857168853282933,0.003158215433359146,0.0028516389429569175,0.0020349307451396625,0.0016657803207636435,0.0034607350826263428,0.00033009052276605777,0.0005069300532341559,0.0017458237707615454,0.0015199906192720491,0.002542362082749605,0.00025561079382897117,0.002889685332775064,0.0031619165092706646,0.003723993431776652,0.002845803275704384,0.0034798737615346353,0.0021264646202325266,0.0023513101041317055,0.0010661333799362183,0.0011407565325498616,0.0013740640133619308,0.00037425756454473325,0.0016469927504660373,0.0020416998304426115,0.0014598555862903595,0.0005880817770957947,0.0011511761695147688,0.0012512020766736742,0.0012906771153211039,0.0034322356805205905,0.0033729914575815166,0.003110177814960483,0.0026419758796691895,0.0023216810077428852,0.0019577108323573502,0.002187299542129038,0.002516479231417179,0.002688571810722351,0.0010767467319964807,0.0019456744194030762,0.0005204752087593634,0.001726961054373532,0.0019145016558467223,0.0005636364221572876,0.00036340765655035537,0.0005143471062183935,0.0007859515026212294,0.0006796118868805934,0.0003587938845157103,0.003471389412879885,0.0032091451575979035,0.0029211305081845978,0.002482381416484658,0.0032554529607296545,0.0035206452012062003,0.0038130376487970352,0.001285757869482148,0.0007835291326045435,0.0016335090622305315,0.0015981514006853624,0.0013636630028486807,0.0007138699293137013,0.0006993040442466736,0.0006895363330840509,0.0007515531033277494,0.000812593847513198,0.0009040389559231699,0.0011953674256801605,0.00218167901039118,0.00033965706825255654,0.001688525080680854,0.0006055012345313471,0.0008763279765843755,0.002008348703384316,0.001477817073464338,0.00029781740158796137,0.0014685299247504321,0.0008529312908650555,0.0027938038110733032,0.0017816787585616667,0.001130625605583191,0.0028104409575462896,0.0035529583692551076,0.0011169910430908064,0.002733327448368017,0.001830086112022386,0.003795510157942831,0.0005682967603205455,0.0005902955308556557,0.0012056976556779064,0.0014877272769807676,0.001449095550924484,0.0020656936976592988,0.0009700357913970947,0.0043858215212822585,0.0032801851630210876,0.003447607159614563,0.003540236502885867,0.0046089924871922094,0.0015074890106915881,0.0015717409551143646,0.0017012692987918299,0.0016969479620455655,0.002266999566927608,0.0024627742823212784,0.002455190988257528,0.0023210775107144763,0.0020828004926442528,0.002162948250770569,0.00155069120228285,0.0007152296602726121,0.0007074344903230632,0.0004053562879562378,0.0007483921945095132,0.0025088302791117026,0.002926886081695501,0.003180097788572374,0.004296076484024466,0.0035836398601531982,0.0019839894957840443,0.0015566572546959478,0.004731692373752594,0.003903072327375412,0.0018636956810951927,0.00217342469841242,0.002481149509549141,0.0028975009918213446,0.0031889481469988806,0.003044955141376815,0.0014546669553965334,0.0015982170589267661,0.0016518556512892246,0.001391496036376283,0.0007248111069202423,0.001788916066288948,0.0021052246447653138,0.0019665847066789865,0.0013689761981368065,0.0017469339072704315,0.002339562401175499,0.003055632114410345,0.0017378106713294428,0.001959588378667776,0.002062186598777764,0.001066368073224959,0.004545207979390398,0.004187550890492275,0.0037197509082034785,0.0018665660172700847,0.00037255417555570516,0.002389431931078434,0.0006291947793215511,0.0006593526341021061,0.0007995646446943283,0.004016927210614085,0.000747850164771028,0.002278931438922875,0.0028027184307575156,0.0015992205590009759,0.0016318261623382568,0.0017935223877430032,0.0024860426783562956,0.0010733525268732391,0.0012156516313552822,0.0006333813071250985,0.0003866702318190418,0.0008988007903099615,0.00229449942708021,0.002270061522722298,0.002167003229260391,0.001931543170940242,0.001743352040648516,0.001375727355480201,0.0012030526995659152,0.0009370353072882809,0.0009308923035859507,0.0009822002612054365,0.0011119248811156113,0.001328970305621568,0.0014701418112963993,0.0017771720886229914,0.00029957666993146725,0.001350514590740079,0.0007323473691940446,0.0005578100681304377,0.000612564384937217,0.00034049525856972435,0.0005792602896690369,0.0005559027194975766,0.001778628677129801,0.0017569581978021942,0.0018353629857301192,0.0018962994217872585,0.0015082787722349757,0.001727476716041565,0.0015647904947400076,0.00046298652887339503,0.002153694629669134,0.0012772947084159218,0.0012311190366745002,0.0012817179667762857,0.0014477306976914978,0.0014239242591428392,0.001980810426175591,0.0020313663408160192,0.0019165771082042538,0.0017707144746736403,0.0013218093663453466,0.0036296360194684168,0.0017220135778188705,0.0013373792171478688,0.0013795495033264715,0.0005348613485693914,0.0007655322551728405,0.0010691359639167855,0.0007032640278339455,0.001023069024085995,0.001038961112499244,0.0012023262679576908,0.0020789604168385267,0.0008060559630393982,0.001071199774742182,0.00198037654627109,0.001322736963629778,0.0005492456257343778,0.0006848983466626324,0.0005058026872575283,0.0014237910509110746,0.0025958213955163956,0.0022776927798986973,0.002834334969520569,0.0029600635170936584,0.0020000394433736792,0.0016136071644723415,0.0027257204055786133,0.00034923851490030466,0.0005211196839809973,0.0015568092931061983,0.0015491875528823582,0.0023944750428200315,0.00033398717641830444,0.002872243523597773,0.0030970945954322815,0.003796989098191258,0.0025876816362142546,0.003428641706705038,0.002049722708761751,0.0020747035741805475,0.000911574810743325,0.0008343476802110672,0.000979401171207428,0.0003967806696892895,0.0015232457662932575,0.0021871924400330145,0.0015960501623338836,0.0006445758044720251,0.001266278326511442,0.0012003984302281778,0.001163071021437704,0.0038206428289412897,0.0035650357604026274,0.0031793527305126155,0.0026150383055209524,0.002334959805011687,0.0020505711436271685,0.0023249024525284784,0.0026580551639198147,0.0029005054384471096,0.000886529684066828,0.0013387799263000766,0.0019300086423754137,0.002043059561401661,0.0006207823753356934,0.0004080776125192642,0.0005672052502632141,0.001009751111268999,0.0008491999469697475,0.00047262385487555764,0.003380118869245054,0.003020619042217734,0.0027637742459776238,0.002879655119613633,0.00330466032028192,0.0035760328173636766,0.003965718671679441,0.0013573644682765016,0.0011199377477169037,0.0015634044539183378,0.0016484707593917292,0.0015910658985376913,0.0008153952658176422,0.00101912021636974,0.001008104532957077,0.0010299396235495806,0.0010802178876474498,0.0011864351108670235,0.0014149975031614304,0.002201132476329748,0.0007667317986488342,0.0016901139169930857,0.0005929321050643366,0.0011051464825868641,0.0016103833913803656,0.0016650669276715418,0.0003741215914487839,0.0015989989042282104,0.0010010860860347817,0.0020908117294311523,0.0016833944246172341,0.0012683346867560785,0.0025686323642730713,0.003222838044166565,0.0009231045842170715,0.0024166852235794067,0.0015717595815658014,0.003772012889385338,0.0005257204174995492,0.0007740594446659643,0.0013235174119471393,0.0013887365348637663,0.0013146388810127976,0.002239907626062687,0.0011430829763412476,0.0043883342295884566,0.003225080668926121,0.0032861828804016113,0.0013465419178829152,0.0014490765752270263,0.001548305619508028,0.0016240663826466162,0.0021774547640235347,0.00234176218509674,0.0023585809394717225,0.0022311664652079344,0.0020534929353743236,0.0017315074801446118,0.001503661740571205,0.0006360430270434571,0.0004626326262951383,0.0007065720856190283,0.0028040744364261558,0.002921637147665024,0.00438341498374939,0.0030248090624809126,0.0019399853190406602,0.0017395876348019201,0.0037978813052176943,0.0014938563108444353,0.0022471640259028036,0.0025222133845090866,0.0029931478202343542,0.003416383638977949,0.003505024593323413,0.0013081310316919708,0.0012451102957130571,0.0013193357735872269,0.0012749168090521188,0.0009751282632350956,0.0019338205456733634,0.002194103319197948,0.0019744626479223366,0.0014022854156791609,0.0017963461577892303,0.0024515427649020663,0.0035099312663078863,0.002009455114603091,0.0012621916830538593,0.004036223399452865,0.0020347069948911684,0.000472669489681719,0.002841383218765259,0.0006922082975506783,0.000714795663952824,0.00099944043904543,0.004218399961246233,0.0009456314146519297,0.0023405533283947753,0.002909814938902966,0.001732879318296911,0.0016442984342575073,0.0018653403967618942,0.00211479514837265,0.001145308604463935,0.0014450587332249798,0.0006815120577812334,0.0004385299980639856,0.0009793415665626526,0.0023089302703738768,0.0022690258920192233,0.002184018492698555,0.0020359689369797707,0.0018324463162571192,0.0014914963394403423,0.0011395514011382918,0.0012537855654954893,0.0012055463157593649,0.0011401578231016174,0.0012385859154165346,0.0014478284865617206,0.0016085449606178521,0.00144733488559734,0.0003343522548676092,0.0015525147318840096,0.0007634386420248829,0.0005484595894814509,0.0006369799375533503,0.0003748498857021887,0.0005399510264397223,0.0004893131554126254,0.0017381007783115474,0.0018884008750318926,0.0019781105220317285,0.0019149212166668095,0.0016480805352329653
0.0009293481707573006,0.0010464116930962164,0.0009576492011547089,0.0007090866565704346,0.000981219112873133,0.0008814409375190596,0.0007356517016886555,0.0007247645407916781,0.0008656680583952678,0.001030500978231541,0.0010586865246296484,0.0010362677276135046,0.0008925199508667547,0.0007048211991786957,0.00123356655240053,0.0015944615006446838,0.002059850841760632,0.002584248781204227,0.0030456124804913998,0.001023218035697937,0.0011534355580806732,0.0014329180121421953,0.00020507886074477844,0.00019892025738960095,0.00032354984432458704,0.0006277486681938241,0.00021185446530580607,0.0003474117256701539,0.00032735802233213596,0.0005279087927191894,0.0005742637440561676,0.00047450885176659324,0.0025311838835477794,0.000788142904639192,0.0015771090984344344,0.0007357560098171304,0.0009641423821449288,0.000943250954151098,0.0009286403656005859,0.0009199623018503814,0.001012431457638744,0.0009271986782550257,0.0011945785954595167,0.0017377790063620151,0.0010335221886635382,0.0009272396564484336,0.0008564572781323276,0.00042673945426940744,0.0011643357574939728,0.0010256245732307365,0.0010471874848007618,0.000786416232585907,0.0005758889019489288,0.000784808304160777,0.000890485942363739,0.0008354745805263519,0.0004635558580046717,0.0014901859685778063,0.0027900487184524536,0.0012856572866438085,0.001244038343429621,0.001602653414010946,0.0016691964119672767,0.0008320496417582035,0.0012567937374114435,0.0006428379565477406,0.0006489045917988379,0.0007358789443969727,0.0005933325737714733,0.000601133331656567,0.0008358284831046503,0.0010474696755408686,0.0009579211473464966,0.0009156540036202067,0.001049820333719198,0.0012907311320305426,0.001653946936130358,0.0017244853079319555,0.0016288193874061108,0.001143235713243547,0.0012443549931050457,0.0010382290929556968,0.0008047204464673961,0.0029150880873203833,0.002540702000260346,0.002087967470288221,0.001634847372770365,0.0013735368847846464,0.0016076993197202674,0.0017352821305393045,0.0018920172005892355,0.0020393971353769857,0.000976026058197077,0.002589091658592252,0.001001548022031784,0.0016544414102099836,0.001727348193526323,0.0012267827987670898,0.0012918189167976414,0.0012213326990603846,0.000563465990126244,0.0007642165692230973,0.0011346340179443325,0.00032659806311136075,0.00044108397560194167,0.0005754120647906667,0.0020479196682572365,0.0009390376508235446,0.0007258653640747625,0.0009455960243940388,0.00047275051474566024,0.0007559880614280146,0.00024048471823334867,0.0005934629589318119,0.00032203830778604683,0.0010203607380390237,0.0012077689170837402,0.0006782561540603638,0.0006006201729178429,0.0004701074212788989,0.00034611683804541826,0.00021268147975200824,0.0006896518170833033,0.001302279531955726,0.0006003789603710175,0.0010481029748916626,0.0006671044975520325,0.0020998120307922086,0.00029652658849943503,0.0011523244902491552,0.0006790496408939882,0.000882565975189209,0.0027565807104110718,0.00034184660762548273,0.0007008090615271967,0.0018635168671608526,0.0020335614681245007,0.0019199252128601352,0.0019459575414656899,0.0013169199228286743,0.0027677081525327475,0.001074232161044908,0.0008141389116644859,0.001058682799339239,0.0003775348886846941,0.00028222845867270554,0.0017201096052303908,0.0015672892332077026,0.0032348744571208954,0.002454623579978943,0.002139464020729065,0.0008530244231223436,0.0034038219600917054,0.0002704439684748086,0.0002991650253534317,0.00026398617774253674,0.0008925646543501697,0.0006681422237307393,0.0007382131880149803,0.0007884842343628962,0.0008017434738575857,0.0008375551551579874,0.0017446577548980435,0.0005765259265899103,0.000771146267652463,0.001106746494769991,0.0012321770191192696,0.0009073764085769098,0.0006850846111775,0.002028148621320669,0.0023512057960033486,0.0030885655432938957,0.002449601888656616,0.00050741899758594,0.0005443096160888047,0.0034257695078851458,0.002876266837120056,0.002130061388015761,0.0015100305899979367,0.0016748588532209951,0.0020035244524478912,0.0022933678701520504,0.0024696429609319392,0.0014671932440251116,0.0013695501256734688,0.0013198179658502336,0.0011560615312192213,0.001333691179752343,0.0005141757428647163,0.0005911099724472675,0.0004554660990834232,0.00149049586616451,0.0015624091029167175,0.0006786175072193666,0.0024631107226013565,0.0008130446076392572,0.0007028914988040924,0.0007654130458831648,0.000624686479568648,0.003315133653813973,0.0031824854959268123,0.002899559447541833,0.0016445498913526535,0.0011870074085891238,0.0020665060728788376,0.0011712992563843727,0.0010938588529825206,0.0012986045330762863,0.0029482594691216954,0.0008489806205034256,0.0017928890883922438,0.0021713953465223278,0.001453693956136707,0.0017016008496284485,0.0015757940709590912,0.002191007137298598,0.0011564604938030798,0.0004857517778874554,0.00113644078373909,0.0012356415390967698,0.0009303987026214044,0.0006164340302348692,0.0004331441596150936,0.0005415920168161392,0.0006688518915325408,0.0007456066086888296,0.0003877133131027846,0.0017816573381424644,0.0004881117492914755,0.00044317822903394526,0.00032136682420969096,0.00015516486018907118,0.00017904094420384542,0.0002760354982456748,0.0023506134748458307,0.0012784339487552643,0.0006150715053079778,0.001064948737621224,0.0010454356670379639,0.0011081919074058533,0.0012699365615844761,0.0010490790009498596,0.0011302530765532962,0.00033994344994425687,0.00042960233986372165,0.0005063787102698759,0.000876985490322172,0.0005754735320805983,0.0008900538086890619,0.0014544390141962849,0.0008712261915206285,0.00227462500333786,0.0012677132617682782,0.0012197680771349755,0.001185857981909122,0.0015282947570086636,0.0011909375898540575,0.0013244589790701294,0.0012280521914362352,0.0014377925544976087,0.0015272640448528718,0.0015775877982378526,0.002347292378544915,0.0016601234674453735,0.0018517076969147284,0.0016863532364367328,0.0007861694321036339,0.0009630434215067707,0.0008548162877560148,0.0009546652436256894,0.0008326992392539388,0.0008534733206034227,0.0006487537175417432,0.00042199669405817986,0.0010685771703719538,0.0009478852152825096,0.0017293522832914636,0.0008832346647978384,0.0007496178150177488,0.0006931982934474876,0.0011998079717159263,0.0009087026119232178,0.0015713497996331371,0.0016617951914668638,0.0020182691514492035,0.0010612308979033869,0.001123321708291658,0.00043677445501089096,0.0016090869903564453,0.000667478889226851,0.0006725229322910864,0.0006543174386024466,0.0006615630409215201,0.0016969717107714333,0.0005800090730190277,0.001308932900428772,0.0012823082506657202,0.0014688279479742015,0.0017727892845869047,0.0012035891413688174,0.0017967792227864265,0.0018979944288730552,0.0010033734142781484,0.0009935665875673294,0.000806340947747286,0.0006257928907870136,0.0006391117349268114,0.00026320572942489795,0.0006389908958226441,0.0009990595281124046,0.0005665440112351816,0.0006885882467031479,0.0006876159459352493,0.002715446986257974,0.0022959131747483617,0.0018328893929719405,0.0012229811400174574,0.000927805900573668,0.0002338457852602005,0.000384597107768116,0.0006385734304785173,0.0008555091917514801,0.0006325244903565008,0.002027541399002075,0.00022771954536437988,0.0002168179489671629,0.0007051937282085974,0.00043945759534841367,0.0007017999887467055,0.0008918344974517302,0.0009884973987936974,0.0006166454404592479,0.0017595989629626274,0.0015077069401741045,0.0015545953065158602,0.0010779274889500257,0.0011100433766841888,0.0009277909994127032,0.0011411458253859919,0.0013173399493098268,0.001566521823406164,0.0011394578032196678,0.0016914866864680689,0.0009296908974648077,0.0009046941995620797,0.0015848055481909595,0.0014439187943935394,0.0013223972637206316,0.0010723627638071775,0.0009601842612029223,0.000910497270524559,0.0008244886994361322,0.001475505530834191,0.0017503555864095688,0.0010426864027977545,0.0008413158357142882,0.0022220164537430365,0.0009158933535218777,0.0005993247032166065,0.0016555804759264062,0.0008415170013904641,0.0018701106309890747,0.0011631646193563392,0.000896506011486109,0.0006284639239311218,0.0009822398424148698,0.0017622336745262007,0.0009441748261451721,0.0019192695617676336,0.0025853309780359303,0.0009655207395553589,0.0007480569183826447,0.0017065666615963052,0.001315406290814169,0.0013225419097580018,0.00033807568252092104,0.001343224197626114,0.003193683922290802,0.002096664160490036,0.001462005078792572,0.0013469824334606528,0.0012882070150225244,0.0011974317021667957,0.0017934590578079154,0.0013510358985514008,0.0015996741130948067,0.001711083110421896,0.001783868530765065,0.001780611695721801,0.0022487938404084362,0.0012654718011617105,0.00041197054088126794,0.000788632780313589,0.000503040850162513,0.0012025237083435059,0.0019107721745967865,0.0030714794993400574,0.0012086778879165927,0.0011062672128900333,0.0009051747620106854,0.002703007310628898,0.0016086772084236006,0.0005402527749538977,0.0008004754781722467,0.0012297369539738326,0.0016840193420647985,0.0019085421226918689,0.0006455844268202244,0.0007040705531835018,0.0007108515128493309,0.0007059443742035709,0.0009295418858528068,0.000901777297258325,0.000966088846325929,0.001060422393493465,0.0005774209275841158,0.0008617043495178223,0.0008382461965083556,0.0021506920456885736,0.000870589166879647,0.0008979216217994204,0.0028040376491844654,0.0005518645048141462,0.0005210600793361681,0.0013951472938060743,0.0007612751796841621,0.0005591278895735758,0.0006866725161671621,0.0028893244452775075,0.0008115936070681798,0.0009162127971647019,0.0016741100698709488,0.0005359342321753467,0.0011873245239257812,0.0006053838878871051,0.001339241862297072,0.0006442295853048565,0.0009052082896233091,0.0009695440530776978,0.000745043158531189,0.0009578466415405829,0.0010313820093871828,0.0011686068028211628,0.0013106726109980392,0.0014955708757043423,0.0016214788192883687,0.0016978569328784388,0.0018002688884735107,0.0014464026317000372,0.0012170872651040554,0.0011184888971911278,0.0011176897678523146,0.001037632348015849,0.0009141245391220952,0.002212628722190857,0.0006143823266028872,0.0009131133556365481,0.0010877102613448542,0.0010104104876518666,0.0010343566536903381,0.0005312561988829456,0.0010082647204399664,0.0009360052645206451,0.0010504238307475497,0.0008902819827197872,0.0008999854326248724,0.001728373579680977,0.0016346238553524572
0.0020691156387329587,0.0016576200723648071,0.0014532171189785004,0.0021493956446647644,0.0016112476587296087,0.0019677579402923445,0.0028427578508853912,0.0018767267465591396,0.003683917224407078,0.0042208097875118256,0.0050626844167708795,0.002069529145955984,0.0020375698804854236,0.0020146742463111322,0.0030262470245361363,0.0032038427889347076,0.0034532714635133743,0.003677353262901247,0.0038761903997511227,0.001528225839138031,0.0012250468134880066,0.0036928653717040877,0.0012687351554632742,0.0012637129984796602,0.0013379370793700218,0.0016118716448545421,0.0013526431284844867,0.0025234061758965263,0.002536672167479992,0.0024863015860319693,0.0023407787084579485,0.0012790076434612274,0.003723038360476546,0.0020778514444827444,0.0025025978684425493,0.001609951257705744,0.0004627490416169175,0.0020290575921535978,0.0020196717232465744,0.0017982944846152739,0.0018542874604463543,0.0018093418329954147,0.001873457804322189,0.0026730243116616093,0.0015554353594779968,0.0015336945652961453,0.0026535233482718468,0.0011157346889376658,0.0007506944239139626,0.0006446689367294242,0.0005823029205203074,0.0018069446086883545,0.003262462094426155,0.003091030986979604,0.0039110369980335236,0.003614835441112574,0.002403360151220002,0.002486426383256966,0.00405748188495636,0.000749979168176651,0.000961493700742666,0.0023040082305669785,0.00218840059824299,0.0032478058710694313,0.0005873143672943115,0.0035385750234127114,0.003802461549639702,0.0045679192990064075,0.0035059098154305857,0.00408659502863884,0.0028149504214524702,0.0029961131513118328,0.002053316682577133,0.0018259827047586476,0.0019166655838490088,0.0007656626403331687,0.002231462392956185,0.0021273433230816763,0.002241329057142083,0.0010962486267089844,0.0018846457824109892,0.001798186451196563,0.001959992572665159,0.00368083943612868,0.003527730703353882,0.00338304601609701,0.003150902688503262,0.00293257832527161,0.0021975459530949584,0.002378657460212763,0.0025614229962229174,0.0025969734415411394,0.0016302447766065042,0.002576127648353632,0.0014447867870331296,0.0019329100032336455,0.001996363746002317,0.0012041069567204007,0.0006901863962410805,0.001067042350769043,0.0006055356934668845,0.00028310537527437285,0.0005357991904020275,0.004241727292537634,0.003835971816442907,0.0035151103511453785,0.0026511831674724817,0.00409902259707462,0.0043821781873703,0.004754232242703327,0.0014408994466067436,0.001307163387536947,0.0014829831197857848,0.0021180342882871593,0.0015805084258317358,0.0010251030325890212,0.001451738178730011,0.00090252608060842,0.0005841227248311043,0.00054246000945568,0.0008012931211852092,0.0011994289234281133,0.002649907022714726,0.0010381899774074624,0.0021463818848133087,0.001495257019996643,0.0008561182767151641,0.0033746808767317893,0.0016529187560080372,0.00044632330536842,0.0018909629434347153,0.0009158104658127386,0.003401234745979309,0.0017482331022620756,0.0014523714780807495,0.0034049451351166327,0.004002824425697396,0.0017854124307632308,0.0033506676554679315,0.0027725920081138056,0.004117272794246615,0.0014165975153446753,0.0003402242437005043,0.0018847733736037653,0.0015911366790533066,0.0014454307965934277,0.002310560375917758,0.0018109232187271118,0.004792377352714532,0.003711305558681488,0.0038873478770256042,0.004592843353748259,0.004947680979967117,0.001462931279093028,0.0014853896573185366,0.0015746299177408773,0.0021310225129126392,0.0023833212908358496,0.0028023235499858856,0.0028840447776019573,0.0028077038004993846,0.0025775311514734667,0.003661513328552246,0.0017493143677712042,0.0016712024807929576,0.0012100841850042308,0.0007880106568337042,0.0015647970139980316,0.0030849128961563596,0.0035358555614948203,0.0035104751586913577,0.004681760445237158,0.004098609089851268,0.0020408625714482542,0.00199441984295861,0.005050450563430787,0.004164744168519918,0.0025331377983092845,0.0026317983865737395,0.0028146840631961823,0.0030306875705718994,0.0031795436516403545,0.00323061709059419,0.0020484460983425383,0.002116376068442949,0.0021140929311514465,0.0020434169491636567,0.001504223793745041,0.002163259312510546,0.0024369501043112196,0.002148264786228481,0.0020176959224045836,0.0025470964610576144,0.0028457231819631335,0.003419497516006176,0.0023280680179596502,0.002445727586746216,0.002636991441249785,0.001211345195770215,0.004798627138370648,0.004370578593807295,0.004062807391164769,0.002927932888269421,0.0006808969192206851,0.003067534416913986,0.0010499220807104746,0.0012890961952507496,0.0017005223780870438,0.004364273510873373,0.0006773173809051548,0.0031474642455578267,0.00324116833508014,0.0025741327553987538,0.0024204403162002563,0.002658441662788391,0.0031393617391586442,0.0018799500539898317,0.00143887102603912,0.0010744407773017883,0.0007984787225723752,0.0012661516666412354,0.0028123902156949026,0.002901861444115637,0.002761471085250381,0.0026387234393042136,0.0024370653554797728,0.0017125718295573633,0.00207014381885523,0.0010873321443795568,0.0009574051946401596,0.0009555700235068798,0.0010453120339662938,0.0012201280333101194,0.0015157187590376655,0.002904847264289745,0.00066346675157547,0.001752816140651585,0.001343376934528337,0.0013304129242897034,0.0012317225337027948,0.0006999336183071171,0.0014188289642333984,0.001307662576437045,0.001788415946066324,0.0019878572784363673,0.002178105525672328,0.002366233617067337,0.0021178163588047028,0.002297818660736084,0.002682901918887981,0.0013414360582829077,0.0040520429611206055,0.0017663986654952173,0.0019397456198931853,0.0021543421898967408,0.002408569678664263,0.0017781769565771155,0.003316992893815039,0.0031132847070693415,0.003386522643267942,0.0032701767631805323,0.0022135917097329504,0.0036613382399083277,0.002878867089748438,0.002260714769363348,0.0024971812963485093,0.0006466833874583244,0.001989357173442896,0.0020131319761276315,0.0017878524959085776,0.0019261259585619528,0.0018970631062985056,0.002085084095597215,0.002578312531113624,0.0015993118286132812,0.001613989472389124,0.003852066933177356,0.0014766585081815164,0.0009416118264197818,0.0010187812149524064,0.0008202400058507919,0.001983575522899572,0.004413535818457548,0.004235079512000084,0.004804730415344245,0.003956891596317347,0.0028114211745558504,0.0024461131542921066,0.002251163125038147,0.0009989887475968587,0.001235231757164057,0.0024055042304098606,0.002473735221428741,0.004429759923368747,0.0009032450616359641,0.004340920597314835,0.004688803106546402,0.005439301021397109,0.004469713196158407,0.005033485591411542,0.003954258747398909,0.0038562864065171468,0.002041511237621245,0.001840712502598825,0.0020122900605201166,0.0010261721909047283,0.0024527135497010577,0.0023660957813262384,0.002519293979275861,0.0011643506586551597,0.0021687680855393982,0.00190565921366204,0.001987341791391487,0.0036368439905344885,0.003526797518134117,0.0033802222460507826,0.003146182745695114,0.002987466752529252,0.0026168897747993487,0.0027418443933129883,0.002817156724631842,0.0028353501111268425,0.0014784205704927444,0.0020963847637176514,0.002361129969358388,0.0023794430308043974,0.0013836808502674103,0.0009492505341767675,0.0013051815330982208,0.0011996384710074616,0.0011207154020667076,0.0007939189672470717,0.005255981348454895,0.004842571914196072,0.004696946591138732,0.0027095509140053764,0.004536271095275934,0.004879251122474781,0.005305435508489661,0.0022583091631531724,0.0019525587558746338,0.0018545438069850206,0.003106299787759781,0.001851035282015804,0.0012048110365867615,0.0016252845525740467,0.0016803257167339325,0.0015329394955186926,0.0014496793737635016,0.0014586644247174254,0.0016078818589449484,0.0027192644774914343,0.0010600760579109192,0.003186874091625217,0.001515559852123316,0.0012597218155861456,0.0030554533004760742,0.001872535794973259,0.0006020413711667616,0.002737473696470212,0.001300700008869178,0.0014159083366394043,0.002071796916425228,0.001715548336506001,0.0025838688015937805,0.00302190333604814,0.0013938620686531067,0.002197161316871643,0.003141090273857172,0.003985270857810919,0.0014457926154137352,0.0009001661092042923,0.0023999437689781744,0.002350364811718464,0.0021094318071846474,0.002359313890337944,0.0005587488412857056,0.004627130925655417,0.0031495243310927096,0.0031204000115394592,0.001960648049134761,0.0019142167875543237,0.001972839701920747,0.0032192841172217837,0.0028598182834684853,0.003304437268525362,0.0035709333606064324,0.0035946580319431987,0.0034039474558085194,0.0032490491867065846,0.002571462187915931,0.001346390694379699,0.0009783543646335116,0.0016281120479106903,0.002947624772787101,0.0031741149723529816,0.004623405635356959,0.002703376114368411,0.0023652239469811875,0.0021893903613091625,0.003933642059564653,0.0008229315280914168,0.002864189445972609,0.002954119816422466,0.003148011863231548,0.0032760594040155376,0.003258189186453873,0.0023781731724738485,0.0023238034918903194,0.0022474778816103935,0.0019467524252833037,0.0006531849503517151,0.0023204032331704504,0.0025725695304572027,0.002454354398651048,0.0024161390028893948,0.0017153918743133545,0.0029341131448746317,0.0033497393596916836,0.0025841929018496773,0.0015290454030037412,0.003981647547334377,0.0026972508057951945,0.0007271897047758102,0.0027661575004458427,0.0006784768775105485,0.0009824531152844412,0.001122129615396262,0.004346687550423722,0.0010943152010440306,0.0027038510888816036,0.0030197221785783768,0.0023803487420082092,0.0011929422616958618,0.002188259735703472,0.0015278756618499756,0.0016041086055338387,0.0016953647136687608,0.0011478811502457081,0.0010185092687606812,0.0014827921986579895,0.0030837059020996094,0.0035469327121973072,0.0037177745252846006,0.003693337552249487,0.0034919363824883476,0.0026208776980637394,0.0018114298582077165,0.0020396159961820187,0.0018877354450523853,0.0016984234098345041,0.0016117808409035763,0.0016531858127564751,0.0017893996555357053,0.0027228444814682007,0.0009665153920651037,0.0019875876605510226,0.0014226511120797314,0.0014059096574782909,0.0012966841459275402,0.0009879246354103643,0.0015019178390501264,0.0013940408825874398,0.002039440674707405,0.0020874179899691425,0.0022401548922062475,0.0032052844762802124,0.0029977932572364807
0.0036057978868484497,0.0021260231733322144,0.002058830112218857,0.0038085207343101363,0.002715960144996657,0.003479234874248477,0.005214072763919782,0.00448846630752087,0.008891843259334564,0.010130494832992602,0.01013851910829544,0.00368227437138563,0.0034505203366280157,0.003215499222278595,0.004212222993373985,0.004634032025933318,0.005247157067060471,0.0057861376553773845,0.006494503701105769,0.0020435303449630876,0.0017965734004974365,0.00481698662042622,0.0028288527391850957,0.0029893633909523487,0.0031716730445623953,0.004014583304524422,0.002956917043775208,0.0077162713278085,0.0068266603630036116,0.007887486601248384,0.007178557105362419,0.00284653902053833,0.007086782716214653,0.005236281082034111,0.002830557525157887,0.0030765309929848272,0.0011830828152596968,0.0037086941301822662,0.003481490537524279,0.0035630483180286165,0.003337174654006958,0.0033604223281145096,0.003154735080897919,0.004588580690324363,0.002074465155601557,0.0025379434227943004,0.008506470359861795,0.0021477602422237396,0.0014011338353156974,0.0013479776680469513,0.0015142690390348434,0.0032263845205307007,0.011276120319962502,0.01053708943072712,0.006868552416563034,0.00969551503658294,0.005611638480331638,0.0036967387422918736,0.007106319069862366,0.001532867550849859,0.0015935413539410262,0.0036849267780780792,0.0036514785606414075,0.010431304108351469,0.0013448037207126617,0.010979348793625835,0.011230463162064556,0.0094238286837936,0.007797343656420708,0.009350307285785567,0.007981633767485619,0.005954772233962909,0.0037216506898402613,0.0035419203341007267,0.0032999198883771896,0.0013961903750896454,0.0036202860064803452,0.004139645956456717,0.0036401087418198586,0.0014966577291488717,0.0032855207100509487,0.0032625608146191754,0.0032785832881928045,0.006655040895566345,0.005860712379217148,0.0052520148456096614,0.004636019468307499,0.004288410767912868,0.0041016489267349234,0.004350071772932949,0.004747987724840752,0.005049549043178614,0.002369607798755226,0.003983199596405029,0.0019075050950050354,0.0038771411054767673,0.00402394938282674,0.0019503720104693811,0.0014294758439064616,0.0016511678695678156,0.0016001896001399674,0.0012070402044628836,0.0013065114617347648,0.008392408490180914,0.009146342403255403,0.011254603974521217,0.005435709375888109,0.010510779917240143,0.009245365858077947,0.009846985340118356,0.0035153832286596853,0.0021491684019564958,0.0031200526282191823,0.0058917347341776415,0.0028053019195796204,0.0015342533588408938,0.002233937382698059,0.0018704142421484514,0.0016154162585735286,0.0018634269945323459,0.0021143198828212917,0.0024825357832014556,0.004742790013551712,0.0020893029868602753,0.0056001730263233185,0.001990340650081579,0.001485768705606457,0.003577709197998019,0.003107344731688554,0.0014145569875836355,0.004922008141875267,0.0015573464334011078,0.005668044090270996,0.003430910408496855,0.002502478659152929,0.006847664713859614,0.008056350052356775,0.003066048026084872,0.006544969975948264,0.0032682344317436357,0.0076936073601246435,0.001902122050523647,0.001017318107187748,0.002185620367527008,0.0036771437153220177,0.0033861803822218817,0.0043468596413731575,0.003668084740638733,0.008660182356834408,0.008157890290021834,0.00804170966148375,0.009585004299878956,0.008827043697238076,0.003294202964752858,0.003193470649421215,0.0033016549423336428,0.004863768815994263,0.005492300959304142,0.00698237307369709,0.007477735634893124,0.007487541064619963,0.006721695885062162,0.004466697573661804,0.004118919372558535,0.002556879073381431,0.002150582149624821,0.0013859085738658905,0.00242508202791214,0.006644528359174555,0.007104635238647405,0.007391113787889543,0.008011462166905346,0.007626771926879827,0.0042090849019585375,0.0033744350075721186,0.007993672043085098,0.008410118520259857,0.004703648388385787,0.0042455345392227745,0.004530908539891243,0.005082450807094574,0.005485829897224846,0.006172585708554667,0.0032916378695517783,0.003169421106576976,0.0031403228640556335,0.002841946661646999,0.003456234931945752,0.0038609951734542326,0.004882287466898505,0.004493347601965126,0.003292836714535952,0.0052205994725227425,0.006018115207552854,0.006589977536350433,0.004062585532665308,0.004267282783985082,0.004618618637323255,0.0020435787737370092,0.007271765411132947,0.0068557258055079165,0.0069609453203157146,0.004988133907318112,0.0018390724435448638,0.005944951437413637,0.002157881332095657,0.0023219268769025248,0.0034015886485576612,0.007403134848573245,0.0012409649789332754,0.00596994906663894,0.006527228280901902,0.004235375672578819,0.004747651517391205,0.005197759717702866,0.005872592329978957,0.0028715301305056173,0.002377232536673546,0.0015315376222133081,0.001449652016162803,0.00201619416475296,0.006745276506990194,0.008374919183552374,0.00907335663214326,0.00883386738132691,0.007802450098097324,0.004128880798816625,0.002314396202564295,0.002661943435669112,0.0024633891880512238,0.0025042113848030567,0.002369199646636899,0.002706230152398348,0.0029357764869928915,0.0026569962501525324,0.0013921558856964111,0.0029783882200717787,0.0017840564250945906,0.0017507299780845642,0.001670397818088476,0.0013460014015436207,0.0018733143806458075,0.0018243491649626575,0.003384450450539646,0.003621898125857115,0.004041921347379577,0.006038915365934424,0.00601391121745121,0.003913015127182007,0.004992844536900411,0.0018253624439239502,0.00776296854019165,0.002931173308752477,0.0033540393342264,0.003735679492819999,0.004400393925607314,0.0030251177959143005,0.007808371447026726,0.007137163542211,0.007990150246769023,0.007374606677330975,0.003666028380394034,0.0067517990246413456,0.005574293434619907,0.003956891596317236,0.004940725862979889,0.0012051314115524292,0.003304813057184164,0.003106493502855308,0.002899594604968983,0.002889135852456093,0.00268653221428395,0.002630516886711065,0.00398690951988101,0.002118706703186035,0.0027380436658859947,0.009066984406672363,0.0022546518594027155,0.0012678317725658972,0.0010508932173253216,0.0009093834087252617,0.0033914074301719666,0.011334918439388275,0.010662546381354387,0.009432181715965271,0.009814258664846413,0.006053655641153344,0.0031715391669422384,0.006043195724487305,0.0014081522822379025,0.001584071666002225,0.0035548001760616343,0.003571932174963877,0.010585330659523717,0.0010975562036038,0.011208018288016371,0.011607188731432017,0.010328652337193486,0.009658198803663203,0.010426744818687383,0.009277074597776047,0.008266560733318322,0.0032998882234097013,0.002917809411883354,0.002806954085826815,0.0012885220348834991,0.003590141073800679,0.004056144505739158,0.003404342627618406,0.0015070736408233643,0.0028418963775038737,0.0026919748634100515,0.002949463203549274,0.00617901375517249,0.005395142361521717,0.004781901836395323,0.0042485408484936316,0.003976223990321045,0.0038397237658500654,0.004091924987733366,0.0045299725607038065,0.004708619788289074,0.002138379961252157,0.0025841444730758667,0.003666146658360958,0.003920980263501296,0.001881230622529928,0.0012194141745567842,0.0016928203403949113,0.001666382886469366,0.001684455666691064,0.0010443888604640475,0.010126046836376187,0.010107269044965506,0.011450020596384891,0.0048067878378788564,0.010926008224487298,0.009923689067363795,0.010010985657572746,0.004045959562063216,0.003186386078596122,0.0030970706138758737,0.006377845071256105,0.003087788820266949,0.0015713945031166701,0.0025580190122126423,0.002488123252987865,0.002320443047210574,0.0022277412936091423,0.0021755625493824465,0.002500353381037712,0.00493299961090099,0.0006657391786575248,0.007008332759141922,0.002023860812187084,0.0015470925718545914,0.004027783870697077,0.003248958848416802,0.0009761685505509377,0.00526074133813376,0.001755692064762067,0.004280120134353638,0.003682071808725651,0.0027880966663359347,0.006060436367988586,0.007602185010910034,0.0011440664529800415,0.005595862865447998,0.006126806139946039,0.00762260146439081,0.0019444115459918976,0.0007944311946630478,0.004624355584383066,0.004200532101094834,0.003744404588360395,0.004135871306061799,0.0014045313000679016,0.008781339973211285,0.008122876286506535,0.007878564298152924,0.0034328877809456926,0.0033126537455246408,0.003239657264202833,0.006997153162956238,0.005491445817824625,0.0068319255951792,0.007512554526328985,0.007573512382805403,0.006934612290933784,0.005742050707340227,0.004639294464140966,0.0017332863062621308,0.0013090372085571914,0.0023234002292156775,0.006755992770195007,0.00719042494893074,0.008006863296031896,0.006983920931816073,0.004430964705534113,0.0036307685077191024,0.008361920714378364,0.002676017582416562,0.00384958833456028,0.00414095632731909,0.004696341231465343,0.005043061450123839,0.005465413443744293,0.0030247624963521402,0.0029005734249948883,0.002828774973750116,0.00246534263715159,0.0014854501932858345,0.004103986546397154,0.004972594324499369,0.004773408290930203,0.0030731414444744014,0.0036181770265102386,0.006010748445987705,0.006015541730448548,0.004438575357198653,0.0022119805216788135,0.006769547821022626,0.0043359687551856076,0.0011449409648776072,0.005206359084695467,0.0016049519181251517,0.0015984727069735492,0.001918724738061428,0.007288649911060985,0.0012175235897303252,0.005415324121713524,0.00612676143646251,0.0031878212466835976,0.0029424168169498444,0.0040286909788846935,0.004356712102890015,0.0021152396220713854,0.0025857016444206793,0.001487284898757879,0.0013379454612731448,0.0023044720292090815,0.006787423044443132,0.008602946065366327,0.009221179410815128,0.009038724936545008,0.008025519317016006,0.005088796839117945,0.002094663679599762,0.003367650322616154,0.003104371018707753,0.0028812738019041717,0.0025219648377970416,0.0026748244417831306,0.0029718228615818734,0.0032342821359634677,0.00125419721007336,0.003219753503799383,0.001829825341701452,0.0018607452511787415,0.0016899555921553455,0.0012731514871119898,0.001960687339305933,0.0019288212060928345,0.003644550917670131,0.0038207988254724823,0.004286415874957981,0.006309796124696732,0.006313352845609188
0.003594025969505317,0.005185566842555958,0.003765642642974909,0.006289042532444056,0.006175167858600603,0.006645143032073961,0.007277920842170715,0.004801392555236761,0.012446798384189495,0.01433181762695318,0.014837926253676414,0.0046746209263802685,0.005941376090049792,0.007028251886367853,0.011419745162129402,0.012873856350779474,0.014303745701909065,0.01504025608301163,0.014062116388231516,0.0043507069349289496,0.003779888153076179,0.0074858292937277915,0.003068857826292571,0.0031439727172254952,0.003459488041698931,0.004539687186479565,0.003413558471947852,0.01084155077114707,0.010303775779902935,0.01027597230859112,0.009267922490835247,0.003014873713254984,0.011602668091654774,0.005695376545190811,0.003209143877029405,0.004493590444326387,0.0022516325116156985,0.003338895738124792,0.006345925852656302,0.004301980137825071,0.005201011896133419,0.006497930735349544,0.0065740663558244705,0.008771495893597657,0.004922099411487635,0.005766101181507069,0.011863886378705502,0.0030997348949313736,0.0034319832921028692,0.003374543040990878,0.0014269677922129093,0.006219387054443373,0.015346803702414034,0.01449521683389321,0.010785918682813603,0.01264001056551933,0.008565132622606941,0.006697368808090742,0.011063545942306519,0.0033225640654562794,0.0029298551380634932,0.007622078526765108,0.007594186579808593,0.014794886112213135,0.002733789384365082,0.014463804662227638,0.015259714797139112,0.014652029145509005,0.012261578813195177,0.014556286856532041,0.0117216501384973,0.00937088206410408,0.004603207111358643,0.0053799822926520816,0.005832446739077568,0.0028055198490620215,0.007481001317500902,0.009025505278259571,0.007535679382272065,0.0039831735193730095,0.006712608970701528,0.007114931941032243,0.007185872644186075,0.014199486235156655,0.01521813496947294,0.014238826930522919,0.012494297698140148,0.01128430292010308,0.009200692176818792,0.00994710810482502,0.010927536524832306,0.011613060720264967,0.003502551466226576,0.006784886121749906,0.004067726433277068,0.00815250800224021,0.008582439506426507,0.0031554400920867365,0.002248691394925232,0.002910632640123312,0.0024561225436628975,0.00186418350904205,0.0028888210654258693,0.013197293505072597,0.01394689071457833,0.015606008470058386,0.010826727841049433,0.014435008168220465,0.01407051831483841,0.015031335875391908,0.00385225191712385,0.002003308385610636,0.0038692159578204146,0.0076295267790556474,0.0038800854235888638,0.004020936787128462,0.0020428970456122797,0.002061877399683054,0.002027282491326332,0.0023638680577278684,0.002765439974609707,0.003236056305468027,0.006770145148038864,0.002019632607698392,0.008123517036437988,0.004178382456302629,0.002825260162353571,0.0031443685293198465,0.003964809235185274,0.0028059985488653183,0.005753962323069621,0.0037927329540252686,0.0085829496383667,0.004626870155334473,0.005172841250896454,0.010832831263542175,0.012507297098636586,0.004135951399803162,0.010597988963127206,0.005545228719711359,0.012169418856501638,0.004070695489644886,0.002667849883437101,0.003714896738529261,0.0038141217082737766,0.003446561750024558,0.00945258338470012,0.004479303956031799,0.014486819505691528,0.012230537831783295,0.012098349630832728,0.013995714485645239,0.015115657821297701,0.0034372028894721915,0.003466621972620487,0.004012185148894787,0.007656972855329562,0.0064089216757566864,0.007777863414958119,0.008039756212383509,0.007707206532359069,0.006939453072845934,0.0040480047464371005,0.0043197218328713816,0.0029809176921845107,0.00248533301055431,0.003410615026950836,0.0025099366903305054,0.009256724268198013,0.01089742779731756,0.01101925596594805,0.013475435785949227,0.012301027774810791,0.00534413056448102,0.005143631249666214,0.014085670467466171,0.013394005596637726,0.006465069949626867,0.010450359433889446,0.011396881192922592,0.012847857549786512,0.013742239214479866,0.012944723188411333,0.006479087518528048,0.0063052861951292125,0.0060531701892614365,0.004730914944957421,0.003954410552978516,0.0053511410951614935,0.006580086192116197,0.0063671132083982784,0.0067401491105556505,0.007856950163841359,0.00821713916957384,0.011602355167269707,0.00676979124546051,0.006381172686815269,0.006877612322568831,0.0038228407502174377,0.013330934249097537,0.013504746166290715,0.013091322616674061,0.008083118125796315,0.00201331172138458,0.009933412075042782,0.0020822539809159935,0.0026406454853713512,0.004326228983700274,0.012930497992783785,0.0032052099704742397,0.009343340992927544,0.010063549503684092,0.007052408531308178,0.0067218244075775285,0.00813840702176094,0.008984237909316975,0.004279163666069452,0.0038120727986097336,0.004051283001899664,0.0034133605659006847,0.004980273544788416,0.009354989044368323,0.011964125558733883,0.012680816929787344,0.011894259339896907,0.010293901897966916,0.005135364830493927,0.00257339328527445,0.0029707476496697582,0.002844804897904398,0.0029084603302180767,0.002751805121079142,0.0032682537566869336,0.003633192216511816,0.004781544208526611,0.002942778170108795,0.0051511116325854076,0.00440005213022239,0.003859139978885595,0.004065245389938299,0.0024267118424177204,0.003986723721027374,0.0038147717714309137,0.004804704338312149,0.0048325927928090096,0.005465358495712173,0.006438916549086564,0.007525023072958048,0.00645884126424788,0.005574501119553987,0.004097077995538656,0.00799732655286789,0.003553914721123875,0.0038261482259259742,0.004213443782646209,0.00512710493057972,0.003956629487220142,0.010727440938353537,0.009650528430938665,0.010983217507600673,0.009934379602782373,0.0037155728787183692,0.011752263642847425,0.0062955766916275024,0.0035726800560950123,0.0052322968840598505,0.0005664592608809471,0.0030468925833701047,0.005951274186372764,0.003668069839477546,0.004504464566707497,0.006212500855326715,0.0066689979285002345,0.007899819174781442,0.0053107440471649725,0.006039492785930703,0.01151128986384714,0.0030769053846598227,0.003294348716735833,0.0028621740639210858,0.001322273164987564,0.006436586380004827,0.015173593536019384,0.014069288969039973,0.010468155145645142,0.01336083188652986,0.007932393345981892,0.006405477412045002,0.011042982339858981,0.003565557301044367,0.0033421441912650507,0.006818123161792755,0.007490533142117783,0.013835953548550661,0.002608675509691301,0.015085825696587566,0.015546232461929377,0.013274746015667914,0.01133998110890388,0.01411263272166247,0.011122160591185148,0.009211909025907461,0.00428450480103492,0.004762651398777962,0.005381736904382654,0.0031389780342577778,0.00715779216261575,0.008122027851641234,0.007555106014479007,0.00446911901235586,0.0072446605190634224,0.0071970839053392965,0.006850812584161703,0.012941616587340887,0.013653913512825966,0.012845002114772797,0.011571103706955906,0.01076533459126949,0.00911074969917536,0.009292935021221695,0.009744851849973257,0.010267630219459478,0.0032815430313349325,0.005808994174003601,0.008478823583573103,0.008356457110494377,0.003284163773059838,0.0022607017308473587,0.0033184513449668815,0.0023557208478450237,0.0019591208547353753,0.002200752496719416,0.011760175228118952,0.013261572457849981,0.015177991241216604,0.009395663757459372,0.014897909015417203,0.014029201120138217,0.014099970459938105,0.0046003973111510285,0.0031497180461883545,0.004233256215229575,0.007969177328050085,0.00411591678857803,0.004507105797529165,0.002568751573562733,0.0023492127656936646,0.0023841981310397395,0.0027332010213285685,0.0028396695852280765,0.0034056417644023895,0.006587605923414175,0.0027973614633083344,0.008181372657418196,0.004456497728824602,0.0026894658803940374,0.004588022828102167,0.004225057549774645,0.0017978530377150172,0.0063887070864439045,0.004195790737867355,0.008166894316673279,0.004544889088720139,0.005567528307437841,0.011142127215862274,0.013125948607921614,0.003736630082130432,0.010618075728416443,0.006325684487819713,0.01283963024616247,0.004246804863214493,0.0014325361698865856,0.004835531115531928,0.004625144414603821,0.004240991780534442,0.00805949978530407,0.004027418792247772,0.014648297801613804,0.01335386559367168,0.013162337243556976,0.0040243175753857385,0.0041569188470022,0.004330116324126665,0.008022397756576476,0.0063126200402621735,0.00747722084634006,0.008186471182852983,0.008177566691301708,0.007553853327408433,0.005170851945876964,0.0051034153439104,0.002510240301489889,0.0036309249699116378,0.0022906772792339325,0.011626679450273514,0.01203688234090805,0.013752865605056229,0.012630753219127641,0.005180739215575214,0.005360994488000932,0.013816028833389234,0.005926787853240981,0.009957017377018762,0.01040459051728249,0.011462083086371422,0.01243140175938617,0.0114115746691823,0.006804354488849636,0.006064871326089015,0.005402153357863426,0.00463442178443063,0.0036591179668903386,0.0054128579795359975,0.00669555738568317,0.0061596248124260455,0.007230900693684927,0.007668539881706231,0.0082129891961813,0.01082797953858966,0.00654749944806092,0.003944229334592701,0.012620034569408689,0.008507118560373785,0.001473144628107605,0.009364995174109936,0.001454150304198265,0.002492005936801432,0.004286357667297126,0.012817375420127064,0.0027294848114252715,0.009906791150569801,0.010696699842810742,0.0069947335869073885,0.0064617469906805836,0.008227787911891937,0.008565470576286316,0.004226939287036657,0.004023026674985941,0.004633061587810516,0.0034008473157882135,0.005638189613819122,0.0094754332676531,0.012022390030324463,0.012824954465031511,0.012441067025065589,0.010840090923011303,0.0053463540971278554,0.0035650059580802917,0.0036861402913929125,0.003484986722469275,0.0033667067182249766,0.0031596921617165763,0.003638963797129802,0.004029957111924776,0.004940629005432129,0.0031218938529490314,0.005394291132688585,0.005308754742145427,0.004349239170551342,0.004749856889247839,0.0027451217174529474,0.004439353942871149,0.004179120063781738,0.0046734747011214495,0.004889891482889653,0.005499607883393766,0.006933986209332997,0.008153493516147137
0.004570808261632919,0.008462965488433838,0.007819119840860367,0.008694075047969818,0.009060822427272755,0.00886745005846025,0.008468821644783082,0.00955788604915142,0.017996251583099365,0.02049069479107868,0.012840326875448227,0.004336930811405293,0.004100102931261118,0.005367442965507507,0.035684358328580856,0.0390472449362278,0.04236213676631451,0.04575674328953033,0.04018399375490844,0.008267149329185486,0.008274424821138389,0.011355526745319394,0.0076865450246260125,0.00762187573127443,0.008137213997542858,0.009707672521471925,0.00742194196209306,0.018336151028051972,0.016750939190387726,0.018421341432258542,0.016839521005749647,0.008228778839111328,0.019423007965087894,0.01021738164126873,0.009381018579006126,0.009565059095621116,0.007653890177607482,0.006026513874530792,0.005522226914763444,0.005776822566986205,0.003505164757370949,0.005757538601756148,0.005163510330021435,0.015991851687431335,0.008599713444709778,0.00902535766363137,0.017558780498802606,0.0074418531730771065,0.0091319307684899,0.00927262753248214,0.006787844933569431,0.009105712175369263,0.024806614965200424,0.022546194610185977,0.011440161615610123,0.020988076925277814,0.01503250963287417,0.006967307999730055,0.00930379331111908,0.008829757571220342,0.007778819650411606,0.012593777850270216,0.01231132680550212,0.02174241049215192,0.008352294564247076,0.0247437059879303,0.024585019797086716,0.012920245528221129,0.014193275943398479,0.01752685569226736,0.016053475439548492,0.012717265635728822,0.005413856357336044,0.005011191591620449,0.0043894220143556595,0.0080372653901577,0.01280974643304927,0.02391042932868004,0.011327147949486971,0.009014964103698737,0.005019709467887766,0.006156371906399616,0.00623902678489691,0.040664221392944566,0.0471994448453188,0.04462866857647896,0.03969443868845696,0.03621226549148571,0.02780068828724319,0.03019305178895587,0.03287818515673285,0.03356226743198937,0.0028762435540557463,0.011760190129280146,0.008169714361429214,0.02160291204927489,0.023438838077709134,0.007510975003242486,0.007772743701934818,0.007570456713438034,0.007871268782764729,0.007691757997235982,0.008660914376378115,0.012261556461453386,0.017260418855585158,0.023968092165887467,0.025452364236116465,0.022764604538679116,0.015740394592285156,0.012927271425723922,0.008834250271320402,0.00789379328489298,0.008256791392341256,0.012463226914405882,0.0072747971862554585,0.009624693542718894,0.007727429270744442,0.00827181525528431,0.008334176614880564,0.007656235713511705,0.00758711044909427,0.007292259018868209,0.007797375321388189,0.007013890892267234,0.012297239154577255,0.008149467408657143,0.00878841802477837,0.01132903993129733,0.007639450952410642,0.008698581717908438,0.011183219030499514,0.009685095399618038,0.010675191879272516,0.009003145154565684,0.00927304476499552,0.007963225245475714,0.008538834750652258,0.008268035948276506,0.007827669382095392,0.01080321520566957,0.01881167851388449,0.008291888982057453,0.008848661556839998,0.009731046855449788,0.008235528133809513,0.007681123446673099,0.022518477402627468,0.0068312883377075195,0.02108500152826298,0.013199195265769958,0.009950399398803711,0.014483399689197589,0.023340599611401502,0.007211864227429088,0.00727993156760931,0.008151274174451828,0.01258953288197523,0.01042309368494898,0.010972016694722697,0.010927836992777884,0.01098308060318226,0.010904132388532162,0.011299625039100591,0.008875043131411022,0.0059375688433647225,0.005280310288071573,0.008825074881315176,0.005755122750997543,0.011992774903774157,0.011411234736442566,0.014577753841876921,0.023417552001774374,0.010539025068283081,0.009225267451256569,0.008037768304347992,0.025981798768043463,0.017079733312129974,0.007361978292465224,0.03322917316108953,0.03646383434534073,0.04055003449320799,0.04260985692963004,0.035181746410671455,0.006630100309848729,0.0068538896739483435,0.006443323800340295,0.0026344609868829694,0.005225107073783819,0.007750410586595424,0.011532451026141644,0.011172976111993138,0.005180895677767693,0.004602938890457153,0.012084124609827995,0.025324544869363308,0.00843317061662667,0.00776851549744606,0.007822953164577491,0.009188499301672044,0.029046925104921684,0.034296552155865245,0.03236851864494383,0.01018419861793518,0.00660560512915248,0.017647506669163704,0.004315402416978031,0.0031300033442676622,0.004045398905873243,0.025975004769861754,0.00926839001476765,0.009942110627889647,0.013796769082546241,0.00426729023456579,0.006265759468078613,0.005096212029457092,0.006858520209789221,0.0022494597360491198,0.008232617750763949,0.009256459772586823,0.008916933089494643,0.009056046605110168,0.01590500306338083,0.01890907902270572,0.020828884094953537,0.01960513135418296,0.016470737755298615,0.009554233402013779,0.009085521101951544,0.008625820279121454,0.007895349524915163,0.007573268841952086,0.007840751670301016,0.00751659886736894,0.00795361795462668,0.011778399348259028,0.008462157100439072,0.009058520197868243,0.008898913860321031,0.008311055600643102,0.00872756540775299,0.007905051112174936,0.008150875568389893,0.008187390863895298,0.00963191688060755,0.008847006829455495,0.00855110213160509,0.01066268049180508,0.013869350776076317,0.008257538080215454,0.008199043571948948,0.008127465844154351,0.008771553635597229,0.007643931545317062,0.0075399829074740965,0.007680529437493533,0.008370849303901194,0.007485209149308392,0.01722367014735937,0.015694177709519752,0.016850302461534628,0.015000779530964792,0.007241183891892437,0.020998905412852598,0.008631653152406162,0.0073571354150770985,0.008313596248626653,0.006985132582485676,0.00350255891680723,0.0033412985503673623,0.0031241290271282265,0.0010524019598961466,0.0033643953502178747,0.003695178776979509,0.01443681214004755,0.008607260882854406,0.008675336837768596,0.014568292186595444,0.007481809705495723,0.008090302348136964,0.008142009377479505,0.0060665602795779705,0.00863635540008545,0.022494012489914894,0.019663236103951987,0.00944254919886589,0.020169012248516027,0.013879545032977947,0.0067741405218839645,0.00867097079753873,0.00839729234576226,0.00710845366120344,0.009835580829530954,0.01105128848575987,0.018728693015873488,0.007265537977218635,0.023079276084899902,0.02283524721860891,0.011741731315851212,0.011968174949288368,0.015830269083380703,0.014101516455411911,0.010791990906000075,0.003073569387197432,0.002290030941367205,0.0016058199107647532,0.007455561310052816,0.010239953408017866,0.021064202766865436,0.01164396811509505,0.008725404739379994,0.004667831584811155,0.004597812891006466,0.0044583007693290155,0.039640114177018404,0.04456106945872307,0.04184585809707647,0.03683636337518692,0.033313452266156784,0.025689199566841125,0.02742705494165426,0.03010603692382574,0.03098071366548527,0.0007624980062246878,0.008304953575134277,0.02101873396895826,0.02067533973604435,0.00648737698793405,0.006213851273059793,0.006814923137426376,0.007843641564250048,0.007517968770116568,0.007374018430709901,0.01054030191153288,0.01498019881546492,0.02154519967734803,0.024192482102080304,0.021831721067428637,0.014867000281810816,0.012107428163290086,0.007898256182670538,0.006835442036390249,0.007905884296633192,0.010655618272721712,0.007267277687787954,0.008689064532518373,0.00637647509574879,0.0074034640565514565,0.008072909666225314,0.007681515300646424,0.007617134135216475,0.007334092631936129,0.007806301116943359,0.006209012120962143,0.010905854403972681,0.008166313171386663,0.008323019370436724,0.008277446031570435,0.007705317810177805,0.007493090815842153,0.009565494954586029,0.008709024637937539,0.006865158677101135,0.008495173882693052,0.008408240973949377,0.008686408400535583,0.008614875376224518,0.006693184375762953,0.00856751948595047,0.008575811982154902,0.01958291605114948,0.008292391896247864,0.008442629128694593,0.008263338357210263,0.007517432793974932,0.007284723455086407,0.0199181736970786,0.00488586351275444,0.02202950417995453,0.013263504952192202,0.009964428842067719,0.007054444402456228,0.007199918851256426,0.007676539942622074,0.010857433080673162,0.009460658067837411,0.01007903134450322,0.010454655159264803,0.010012508369982132,0.009688039659522474,0.008093714714050237,0.007814199198037386,0.0030654016882181202,0.008534118533134467,0.004004277288913782,0.01212960481643676,0.015488862991333008,0.023949402384459806,0.010420843958854634,0.008547286677639931,0.007591996341943852,0.018217802047729485,0.004827253520488767,0.030216384679079,0.03366907872259617,0.037865437567233984,0.040151736699044815,0.03402374964207422,0.005916821770370119,0.004349621944129469,0.0038151387125253122,0.0029840380884705872,0.0037293713539838826,0.0074440911412239075,0.011362535413354635,0.010645979200489764,0.006227046251297053,0.005469243973493569,0.011754712089896199,0.025154098402708824,0.007538661360740662,0.008491531014442444,0.031805423903279006,0.01156535930931568,0.005106245167553534,0.01756980922073126,0.0033326060511171818,0.0027255406603217125,0.0034626144915819177,0.02668049838393921,0.008603002876043316,0.011899266391992458,0.015688445419073105,0.006781160831451414,0.004397939890623086,0.006722228601574898,0.006852038204669952,0.0028989212587475777,0.007902991026639938,0.008762292563915253,0.00828066468238825,0.008653961122035939,0.015668741427361854,0.01803809963166702,0.018496736884117012,0.017021116800606306,0.01365858549252158,0.008128775283694156,0.006594695150852203,0.007859659381210861,0.007620416348800063,0.007370098202955033,0.007794578326866086,0.007584410486743021,0.008062883745878935,0.008416727185249329,0.007814284414052852,0.008293263614177697,0.00878033787012096,0.00821941345930112,0.008689679205417578,0.006792802363634054,0.008052401244640406,0.00807797908782959,0.009324818121967893,0.008859872352331932,0.008338242769241385,0.009164593182504233,0.011998691130429617
0.006544705480337143,0.013377867639064775,0.012127365916967343,0.013885453343391488,0.014470480382442488,0.014552213251590743,0.015715532004833166,0.011298609897494483,0.029726121574640274,0.03417842462658898,0.028274415060877803,0.007262095808982898,0.008978337049484308,0.01008124835789204,0.04813621751964087,0.05172809772193432,0.05475727841258049,0.05794016178697342,0.04870243486948306,0.012809775769710652,0.01274852454662323,0.017691016197204576,0.010071364464238342,0.009729267098009586,0.009993608109652939,0.010934155434369982,0.010660005966201314,0.024583684979006648,0.024535135366022587,0.024616132723167483,0.021918468177318573,0.009973589330911636,0.0231121126562357,0.012164112180471361,0.011319234967231737,0.012885600328445476,0.010920770466327667,0.009154170751571662,0.011027561500668526,0.009565507993102188,0.008010456338524818,0.011266425251960862,0.010164760984480435,0.02290129661560064,0.013366647064685933,0.014215864241123116,0.024406076408922728,0.010627044364809992,0.013692505657672882,0.0139438696205616,0.009029399603605272,0.014552183449268397,0.03424909431487311,0.0303660148056224,0.02230862900614733,0.032474666833877605,0.021343392334529088,0.011345725506544058,0.016629695892333984,0.013419561088085064,0.012527670711278915,0.019947453401982784,0.020019333343952894,0.029481781180948075,0.0130455195903778,0.035672616213560104,0.03605831600725651,0.026631003944203258,0.024796763435006135,0.03003708645701403,0.024460515007376615,0.02080569416284562,0.008745741099119131,0.010000914335250854,0.009152976796031002,0.012701168656349189,0.020525743719190304,0.03477476187981671,0.018809480126947165,0.013305492699146278,0.009839147329330389,0.011480463668703918,0.011628577485680747,0.050309324869886096,0.06066321488469839,0.05859215185046196,0.05364806763827806,0.04969634208828211,0.03997316304594278,0.04257678310386831,0.04539197217673069,0.04562860797159374,0.005551385693252088,0.015361726284027183,0.01246221736073494,0.03224271273938939,0.03444984392263001,0.01222296431660657,0.012666225433349668,0.012430392205715186,0.011012955103069655,0.010672077081835596,0.01324180886149406,0.02521525137126435,0.027525432757101953,0.033671401441097315,0.0337527971714735,0.03559866175055509,0.029451884329319056,0.027404470369219728,0.010276749730110338,0.010172042995691355,0.012132874689996187,0.016952058300375994,0.010813821107149128,0.01419867202639575,0.010601930320262909,0.009775519371032656,0.010398056358098985,0.010214665438979864,0.01026532705873251,0.01018937909975648,0.014440283179283135,0.010179422795772615,0.01873929798603058,0.012615665793418829,0.012588042765855848,0.01363091170787814,0.010992751456797121,0.013263767585158402,0.013429181650281063,0.01438574865460407,0.014907091856002808,0.012723822146654186,0.014368377625942175,0.01247289776802063,0.01810686290264124,0.01119948178529738,0.014468818902969402,0.014928296208381653,0.022271333262324333,0.012703008949756518,0.012642006389796734,0.012001268565654866,0.010193967260420269,0.010203689802438076,0.03271726705133915,0.009937547147274017,0.023721512407064493,0.016673348844051375,0.014355666935443878,0.028755627572536517,0.02576586045324796,0.010199600830674116,0.010988303925842047,0.011865777894854547,0.018479898571968134,0.013751766877248883,0.014977926039137002,0.014888985780999064,0.014624965377152022,0.013447280973196142,0.012750044465064947,0.010664645582437519,0.009315736591815955,0.009109027683734887,0.01318551972508425,0.009616132825613029,0.021219681948423337,0.01516553014516836,0.018169142305850927,0.027010721154510975,0.020177811384201105,0.012768593616783619,0.012386851012706757,0.029152106493711416,0.02002976834774023,0.01056952774524697,0.04653642047196627,0.05012570507824421,0.05449299700558191,0.05604291334748274,0.04489620268577699,0.012192092137411237,0.012557819718495067,0.011954908492043614,0.0059595389830065515,0.007920566946268082,0.012035479769110569,0.01639888458885258,0.01649434957653284,0.01027389988303179,0.00792448595166207,0.019758138805627823,0.031040792353451196,0.014045238494872991,0.012764427810907426,0.013431612402200747,0.013422045856714304,0.03327288696891623,0.0405135000764858,0.03914797049947083,0.013659136369824413,0.01023235265165573,0.022413404658436723,0.006444240978453253,0.005220883991569281,0.0058468319475650805,0.030441865324974005,0.013577930629253391,0.012701798230409629,0.0167021974921226,0.0050873458385467495,0.009148083627223969,0.0065890587866306305,0.011776804924011189,0.0021692495793104727,0.01212390512228012,0.013607166707515717,0.01346260681748384,0.014024972915649414,0.023533193394541796,0.028844899497926235,0.03010383248329157,0.027691895142197664,0.023359821178019047,0.013145700097084045,0.01172120124101636,0.009917883202433642,0.009584782645106316,0.009748962242156267,0.010276127373799737,0.010389371193013974,0.011263058055192343,0.014717251062393244,0.013115074485540335,0.01382794231176366,0.013526216149330125,0.012765929102897644,0.013076432049274389,0.012709528207778879,0.012597173452377375,0.01258979365229601,0.013777346815913971,0.012598046101629679,0.012987200170755279,0.012948270887136456,0.017315454781055506,0.013790406286716475,0.0127692930400371,0.01211928203701973,0.013706997036933899,0.012451470363885163,0.012293940875679255,0.012348085001576636,0.013322719372808987,0.012342126457951852,0.02374169137328863,0.022750827483832725,0.023467348422855028,0.021149681182578095,0.01189028844237328,0.023930433206260093,0.013222050853073599,0.011750340461730902,0.013161923736333798,0.011371249333024025,0.004425626248121317,0.006930787116289146,0.0056351386010646334,0.004595223814249094,0.007474126294255201,0.006561307236552186,0.0196901960298419,0.013468638062477112,0.013879239559173626,0.023215386667288784,0.011569159105420054,0.012208569794893216,0.012749522924423162,0.011146050208481029,0.014233969151973724,0.0330254640430212,0.02907407749444252,0.019787739962339346,0.03127875551581382,0.020066430326551088,0.0078786201775074,0.014417365193367004,0.011807192116975736,0.010432939976453837,0.01474497327581048,0.015156303794356007,0.02947347471490508,0.011252600699663162,0.03447120822966104,0.03437376022338873,0.02731937356293201,0.023564036935567856,0.029104761779308326,0.022867354564368725,0.01772714778780938,0.004552584141492781,0.006141113117337234,0.005205176770687159,0.010604500770568959,0.015525049297139104,0.029377374681644086,0.014173859439324532,0.013082884252071325,0.0063997814431786555,0.007933789864182472,0.007779916748404444,0.04846561234444374,0.05589027423411613,0.05326528102159506,0.04815199412405485,0.044104564934969004,0.03440042911097402,0.03733025863766676,0.04013027157634508,0.04069303302094329,0.002670003101229671,0.01290091872215271,0.027136922697536647,0.029183580307289902,0.009874146431684439,0.010303394868969862,0.010164044797420446,0.01225065533071762,0.01242547994479537,0.011778030544519487,0.024469653144478798,0.026894158683717306,0.032015116885304395,0.03102740073518362,0.0340631678700447,0.0289169698953628,0.027980752289295197,0.01271111518144602,0.011467440053820666,0.012948251358466167,0.01544378418475384,0.011440495029091783,0.01312926784157753,0.011055819690227398,0.012406513094902039,0.013040554185863584,0.012349561555311084,0.01200164295732975,0.011513537727296406,0.014453932642936707,0.011386100202798836,0.01634319685399538,0.012679852545261314,0.012740785256028227,0.012604966759681702,0.011993410065770151,0.011844764463603498,0.014675114303827279,0.013356294482946333,0.01142728328704834,0.013151854043826405,0.013615332543849876,0.012349613010883331,0.016288489103317247,0.011576943099498749,0.013779237866401672,0.013003788888454437,0.021284075453877505,0.012569576501846313,0.012996450066566467,0.013033114373683985,0.012387279508402571,0.012209135806188043,0.027670143579598572,0.00975381210446357,0.024019706994295113,0.01357175409793844,0.013351120054721818,0.012026743497699555,0.012242159224115312,0.012565811630338375,0.01624048873782158,0.013540498679503854,0.013715223409235422,0.01402662787586445,0.013747701188549344,0.013833049219101612,0.012186713516712105,0.012459636665880514,0.006011109799146541,0.012159653007984168,0.006299488246440943,0.013011142611503601,0.016728021204471588,0.026589722372591437,0.017841458320617634,0.012946289090905394,0.01220653578639036,0.01974459365010261,0.009430609643459334,0.0409858115017413,0.044787739403545745,0.04927707277238368,0.05135362967848783,0.04256994766183203,0.007457206025719644,0.0074866358190773825,0.006803523749113083,0.00210584653541457,0.00707870535552502,0.012494210153818186,0.01636839983984839,0.01594422792550182,0.005932822823524586,0.008045386523008347,0.019064519554376606,0.030510749202221688,0.012953478842973716,0.012861702591180912,0.038185937213711385,0.013015169650316237,0.008754117414355276,0.021585886366665474,0.007202894892543553,0.004240195266902558,0.0057476526126265534,0.03076216671615839,0.013108640909194887,0.013033479452133179,0.01746405474841595,0.006439613178372381,0.007017005234956741,0.00707618705928326,0.010741397738456726,0.003519320627674571,0.012165632098913137,0.01301400363445282,0.012000583112239845,0.013600960373878479,0.022554333321750164,0.02792304567992693,0.028714502230286484,0.02625574078410875,0.021743654098827336,0.012731654569506586,0.010993562638759613,0.012635753490030767,0.012265265453606788,0.011975066910963561,0.01233237585984176,0.012162543600425235,0.01268010400235653,0.012827515602111816,0.011244740337133463,0.013106640428304617,0.013453714549541362,0.012502171099186013,0.013091631233692058,0.010435618460178375,0.012440837919712122,0.01215873286128056,0.014224561164155769,0.013589584268629551,0.01297780312597746,0.01353178126737481,0.01745176874101162
0.009124241769313812,0.01748790591955185,0.015185408294200842,0.018635317683219924,0.018785260617733,0.019033357501029982,0.018178053200244848,0.017828529700636808,0.03365303948521614,0.038525320589542444,0.029659733176231384,0.008869506418705042,0.008393716067075785,0.007940001785755154,0.060349925421178285,0.06431979592889547,0.06791433598846197,0.07201976515352726,0.06240666261874139,0.016579411923885345,0.016429677605628967,0.016848087310791043,0.015834405552595854,0.015525744995102175,0.016127685084939003,0.018242575228214323,0.01581479422748089,0.031147478381171823,0.028252921067178305,0.031038635410368554,0.028595113195478916,0.01634433120489126,0.03196603991091246,0.018454581499099735,0.014448396861553178,0.01712445914745337,0.015867918729782104,0.012220755219459534,0.010501405224204056,0.012618530541658464,0.009338168427348137,0.009249450638890266,0.006381311453878935,0.026593364775180872,0.017671294510364643,0.018702574074268424,0.0320451939478516,0.015587217174470425,0.01811443641781807,0.018466796725988388,0.01533205807209015,0.01924968510866165,0.04356531426310539,0.03971458210799034,0.02193354442715656,0.03806935250759129,0.025288535573053994,0.011935476213693563,0.015196263790130587,0.017488032579421886,0.015844367444515284,0.02124678436666727,0.021522993687540293,0.039104254916310255,0.0171077474951744,0.04377813823521137,0.04421577788889408,0.029945558868348654,0.029534084722399656,0.0357733648270368,0.03036414086818695,0.022190384566783912,0.01143297553062439,0.011381488293409462,0.007687551900744438,0.01633450016379362,0.021967362146824487,0.04039709968492394,0.020364665891975164,0.017646722495555996,0.00617443025112141,0.00861684978008281,0.009881779551506098,0.0638787981588394,0.07467021746560937,0.07213812042027712,0.06642647366970772,0.06183618772774935,0.048287993064150214,0.05143150355252141,0.054501622915268,0.054650627076625824,0.007787278853356894,0.017417997121810996,0.016005486249923706,0.03807021089596668,0.04040476097725337,0.015232134610414505,0.01619796268641955,0.015601292252540588,0.01626114314422017,0.016542462992219953,0.017576245591044422,0.027376247569918574,0.03475469665136183,0.042974189855158385,0.04143583960831165,0.04178094863891607,0.03333649411797518,0.03002374805510044,0.017056928947568,0.016064081341028102,0.016654311446472947,0.022487392649054576,0.015700684860348757,0.018958847969770445,0.01493654400110244,0.016885360702872332,0.01728825829923153,0.01613250677473832,0.015625366882886738,0.015273356344550848,0.01771160587668419,0.014350529760122306,0.0226171724498272,0.016526132822036688,0.017530884593725263,0.01646406948566445,0.016063891351222992,0.017472340725362245,0.02034949325025087,0.019144829362630844,0.0161273330450058,0.01683224085718399,0.019119389355182648,0.012861803174018804,0.016575738787650993,0.013117201626300784,0.012682057917118128,0.01640148460865025,0.030566660687327385,0.016275327652692677,0.01763367466628546,0.016600459814071655,0.01649693772196764,0.015889228321611937,0.037772470153868254,0.011632874608039911,0.03424391895532608,0.022249810397624914,0.017129532992839813,0.03112515062093745,0.03811859153211122,0.015420559328049475,0.01565294060856104,0.01604525605216628,0.021237775683403015,0.017558235442265868,0.01766968096490029,0.01782188506331306,0.017922174185514395,0.018383972346782684,0.01618775725364688,0.017084460705518667,0.01193278655409808,0.01178726181387895,0.017474915832281113,0.012253116816282272,0.023870997130870764,0.0188570618629455,0.024071574211120543,0.037853657267987735,0.019312560558319092,0.016630472149699982,0.01721598207950592,0.04196036420762539,0.028136152774095584,0.011547535657882718,0.05721362121403217,0.06145165069028741,0.06637988099828362,0.0681693993974477,0.056129932461772,0.011083458550274372,0.011455449915956761,0.010828144440893084,0.008435189964075163,0.009572695940732956,0.01688475906848902,0.022143393754959106,0.02003803593106568,0.009072637039935216,0.005716729909181588,0.023587003350257874,0.04056666325777769,0.01847994327545155,0.01735932007431973,0.017682667821645744,0.01832564920187002,0.04597077178186737,0.053504173149121925,0.0513476927299053,0.017145952209830284,0.013784472830593586,0.028934460133314133,0.010736629948951304,0.007949976949021276,0.007313485257327557,0.0418393537402153,0.018292181193828524,0.015795957297086723,0.022191666066646583,0.005932090803980827,0.009993039071559906,0.006813619285821908,0.01046091318130489,0.005228524096310194,0.01699474453926081,0.01817782968282705,0.017787203192710876,0.01856539398431778,0.02826936449855577,0.03495251107960945,0.03734556958079338,0.03520460216168436,0.030483432114124243,0.01806529611349094,0.014294676482677418,0.016968274489045254,0.016039135865867138,0.0156083339825272,0.015879477374255713,0.015743809519335628,0.01658513699658226,0.017165005207061823,0.017117656767368317,0.01873944327235206,0.01791165024042128,0.01664617657661438,0.01733739674091339,0.016426879912614826,0.016502961516380255,0.01619938388466824,0.018106970004737377,0.018156048143282588,0.018017539754509867,0.018557231873273853,0.024208905175328366,0.01806209236383438,0.015190864913165514,0.0158664733171463,0.012998700141906724,0.014901876915246248,0.014622127171605881,0.014770385983865597,0.015787683427333884,0.015030202572233975,0.029061200097203255,0.026675899513065815,0.028362826909869798,0.025553720421157666,0.014361545443534799,0.03439776878803963,0.01560065336525446,0.012568160891532829,0.01485205814242363,0.014403270557522774,0.008763808757066782,0.007670376449823449,0.009078022092580747,0.005012130364775772,0.0063055660575627205,0.004668315872550014,0.025825009681284428,0.017425641417503412,0.018047451972961467,0.025362660759128575,0.014791922643780653,0.01571193337440497,0.01601000502705574,0.014133315940853208,0.018566548824310303,0.038028836250305176,0.033273942768573816,0.016888968646526392,0.03538285195827489,0.02405815292149771,0.0109591418877244,0.016214504837989807,0.015844903886318158,0.014058306813240051,0.0185839319601655,0.018928844045149162,0.03221686277538538,0.014335636049509104,0.03952118009328842,0.03954620286822324,0.02625940274447202,0.0230492353439331,0.030516207218170055,0.023615744896233137,0.016997877508402037,0.008384041488170617,0.007897229865193374,0.003959640860557608,0.01442577689886082,0.019330128794536106,0.037504096748307236,0.017878346319775973,0.016900576651096344,0.004435815848410187,0.006123824045062006,0.007516188547015301,0.06309725623577833,0.07153151743113989,0.06846240907907492,0.06256614811718464,0.057860944420099314,0.04481065506115556,0.04827561881393194,0.05157679645344615,0.05213928502053017,0.004640165716409628,0.010549142956733704,0.03499911190010607,0.037420337437651996,0.012916259467601714,0.013300469145178798,0.013546906411647852,0.015493026003241593,0.015775525476783514,0.014908414334058769,0.022440451197326183,0.02833083365112543,0.036990175023674854,0.04082322526664939,0.0386283397674561,0.029945358633995,0.02792829088866705,0.015133639797568266,0.014016294851899147,0.015841843094676622,0.018980319611728136,0.014751939103007206,0.017116624861955643,0.013129085302352787,0.015210347250103952,0.016293673135805875,0.015403412515297532,0.01494814921170462,0.014532472938299124,0.017539437860250473,0.013307653367519386,0.018828598782420103,0.016387969255447332,0.01615594699978828,0.011620238423347418,0.015243280678987394,0.014934222213923933,0.01745933853089809,0.01684996113181119,0.01043751835823059,0.016326834214851205,0.017729431390762274,0.013213969767093658,0.01745566725730896,0.012500859797000885,0.01475805789232254,0.013936296105384827,0.03142423927783967,0.01614168658852578,0.016405167058110293,0.014284148812294006,0.014595322194509153,0.01445360947400337,0.035202251048758626,0.010917965322732925,0.03653110936284071,0.02303449437022221,0.016440637409687042,0.014327501645311713,0.014780438854359201,0.01522203953936685,0.018330160528421346,0.016569799510762095,0.016537029761820976,0.01660609943792224,0.016070417594164554,0.01620977214770386,0.011691674590110737,0.01480187801644195,0.008491151034831897,0.01608273386955268,0.009342692792415612,0.01940587908029557,0.024730224162340053,0.03894457686692482,0.020003728568553883,0.015923727652989272,0.015998762100935038,0.031086988747119952,0.010831817984581008,0.05347086116671551,0.05809843726456165,0.06324989348649968,0.06564680114388477,0.05542718525975948,0.00868974067270756,0.008886551018804315,0.008243941236287355,0.0033926297910512604,0.008456559851765636,0.016213834285735973,0.020957101602107286,0.019720159121789094,0.006815954111516476,0.007714461535215385,0.022217774763703346,0.04152059042826306,0.01705109700560583,0.016475539654493443,0.0513559466926381,0.018221022561192624,0.011210951954126358,0.03009818959981203,0.009324167389422655,0.00575901474803686,0.005158974789083005,0.04311751388013357,0.01645546779036527,0.018012277781963237,0.02475757896900177,0.007736368104815481,0.006873134523630142,0.008470287546515465,0.011854872107505798,0.003188968636095524,0.01567181944847107,0.01691029965877533,0.015870131552219398,0.017642229795455933,0.027088099159300327,0.031166298314929012,0.03225013427436341,0.029487514868378695,0.024240889702923596,0.015478214249014799,0.012176081538200378,0.015264225192368142,0.014971643453464023,0.014562556694727391,0.015112231252714992,0.014950582059100326,0.015826876275241375,0.010838553309440613,0.014910724014043752,0.017110571265220698,0.017300486564636175,0.01621147245168693,0.01693997532129282,0.013435859233141056,0.016107060015201624,0.015833858400583274,0.017888701957417708,0.01722261728718877,0.016809759661555342,0.01593962078914052,0.020977656356990337
0.009448196738958359,0.017296731472015325,0.015345815569162313,0.01864863932132721,0.018644593656063135,0.01897105574607845,0.022711042314767886,0.018340812996029854,0.039657894521951786,0.04500776901841169,0.03767949156463146,0.009024605154991212,0.008066657930612724,0.007776768878102358,0.04519802145659918,0.04909124784171581,0.05278579145669937,0.0566959735006094,0.04917492321692407,0.01650197803974146,0.016328975558280945,0.02051007747650141,0.016395669663324952,0.01595112774521107,0.016467406414449215,0.01867876388132567,0.016457705991342553,0.033964249305427074,0.03130321158096194,0.03443645569495862,0.03146490361541504,0.016674660146236482,0.023820282891392767,0.019228827208280567,0.015301734209060669,0.017834015190601245,0.01526811346411705,0.011598639190196935,0.009280895814299583,0.011178467422723774,0.007693842053413447,0.008727706968784332,0.008215585723519325,0.01950764004141098,0.01738210022449499,0.018460676074027987,0.037138248793780804,0.015765370801091194,0.01720709726214409,0.017698258161544793,0.013956747949123384,0.019053623080253546,0.04963782895356417,0.04546222928911453,0.02700913324952127,0.04418217577040194,0.02635763547732478,0.0075487270951270485,0.015979364514350947,0.016711745411157553,0.015369527041912134,0.014943166635930595,0.014788459055125713,0.045078125316649675,0.015976406633853912,0.04997269622981537,0.050688967108726446,0.03654593392275274,0.0352435577660799,0.04221958853304375,0.035566309466958046,0.02712441235780711,0.010594073683023453,0.010096574202179912,0.007044564932584766,0.015518750995397512,0.015427669044583977,0.029872957151383217,0.01366580231115222,0.017181050032377305,0.008054460398852714,0.009323440492153057,0.009241931140422877,0.05022055772133177,0.05889287870377303,0.05613688379526138,0.0504471305757761,0.04620394762605429,0.035442711086943746,0.038234621286392156,0.041243859101086855,0.04178835288621485,0.007550702430307921,0.01626095175743103,0.01611245423555374,0.027343956928234492,0.02950876438990241,0.015027526766061727,0.015057804062962591,0.015128109604120255,0.015989219304174296,0.015604542579239933,0.016574144363403313,0.033351687714457456,0.040876550949178636,0.04925026092678314,0.031524594873189926,0.04819023981690401,0.03983424976468086,0.03724377602338785,0.01734523102641106,0.016137938946485464,0.017463784664869197,0.026360021904110905,0.016079802066087726,0.018305331468582098,0.014979064464569092,0.016513627022504862,0.01671162992715836,0.01584914186969405,0.015862409345572814,0.015655637718737125,0.021335534751415204,0.013754464685916908,0.026670426130294855,0.016343116760253906,0.017371058464050352,0.01587979495525374,0.016543861478567068,0.016659484244883057,0.021459670737385854,0.018551096320152283,0.014909997582435608,0.017463430762290955,0.018784396350383772,0.013521589338779394,0.0191525891423225,0.013227105140686007,0.01474272459745414,0.018611408770084506,0.022978251799941007,0.016305748373269924,0.017087497748434544,0.017375551164150294,0.01695387996733183,0.016410159412771463,0.02799161104485387,0.011360697448253576,0.025990121066570275,0.01628664880990971,0.015974335372447968,0.03825138881802564,0.029090901836752836,0.01585486251860857,0.01628277963027358,0.016896361485123634,0.025265082716941722,0.01812730962410586,0.01887776516377926,0.019316431600600537,0.019764254800975267,0.019259635359048843,0.01585082709789279,0.017584362998604774,0.012396391481161131,0.011083126068115227,0.016691837459802628,0.012127671390771873,0.029212735593318828,0.013510666787624415,0.017616476863622603,0.028959612362086773,0.02046208083629608,0.017457638401538023,0.017449937760829932,0.032118128612637464,0.020975809544324882,0.011315859854221358,0.042483351193368546,0.04628637526184304,0.0509762959554792,0.053141350857913494,0.04374681558692817,0.008252086350694299,0.007890874054283015,0.0071352210361510515,0.0035989394273202024,0.009435050189495087,0.018419733271002717,0.023545324103906695,0.021570050856098533,0.007199838291853611,0.007565993815660484,0.02757684327661986,0.031009509228169863,0.018916741013526805,0.019507072865962927,0.02023411542177194,0.01810968667268753,0.03557423906750046,0.041834431205643285,0.03988383174873894,0.011772751808166507,0.013344168663024847,0.021512223407626156,0.010391279764007777,0.008343100082129185,0.008059164509177208,0.032137415371835176,0.017904631793498996,0.011162117123603835,0.01612366363406182,0.0026616025716066326,0.010309495031833649,0.006109930574893896,0.010871537029743139,0.004342708736658041,0.017181029543280605,0.017554357647895813,0.016878478229045805,0.018037907779216877,0.032626839354634396,0.039935886859893854,0.042127772234380245,0.039746375521644894,0.034728118218481596,0.01960263028740883,0.014438271522522098,0.017101677134633175,0.01608585473150015,0.015819544903934002,0.01641507516615104,0.016224725870415624,0.017263643734622802,0.016262307763099726,0.01612139865756035,0.018690675497054887,0.017496153712272575,0.016398988664150294,0.01695102453231806,0.015311762690544139,0.016254305839538574,0.01613287255167961,0.018543122336268536,0.01881197839975357,0.01952049043029547,0.01951646618545055,0.02631261199712759,0.01815294474363327,0.015254897996783201,0.016022983938455526,0.01960792392492293,0.014923002570867538,0.014632927253842352,0.01473142701433966,0.01579687092453247,0.014975915546528884,0.02969948947429657,0.028709501959383432,0.029749006964266078,0.026384511031210367,0.014446703717112486,0.02530715521424992,0.01577431429177517,0.013814345002174266,0.016182288527488653,0.013644319027662274,0.007756400853395462,0.0059472024440764965,0.007345188409090049,0.003618570044636782,0.005325241014361336,0.004947451874613762,0.0175262913107872,0.017339028418064173,0.017945431172847803,0.031865508644841556,0.014578690752386936,0.015733852982521064,0.014992933720350154,0.012749874673318118,0.018518179655075073,0.0444087740033865,0.03972231317311531,0.026742782443761833,0.04101854562759394,0.025227515958249513,0.005468286573886871,0.01604302227497101,0.01599856838583947,0.014270532876253073,0.011339202523231562,0.011399897135561332,0.039220374543219916,0.014298517256975174,0.04570468887686724,0.04618861153721815,0.035557459108531524,0.031526636332273476,0.037743657827377264,0.031485990621149595,0.024664659053087186,0.006961468607187209,0.006058460101485252,0.0032288394868373316,0.014564596116542705,0.011930869193747695,0.02639218745753158,0.012002354138530846,0.016952894628048,0.006164510734379293,0.006189597770571764,0.006229721009731178,0.04938528407365089,0.05620910506695509,0.05305817164480686,0.047320060431957245,0.042931172996759526,0.03190688090398908,0.035057204775512274,0.038066771812737044,0.03886619070544839,0.004419695585965999,0.013630539178848267,0.024685642216354553,0.02614468219690025,0.013488288968801505,0.012271942570805605,0.013873878866434153,0.014943922869861178,0.014682931359857323,0.013707455247640672,0.03218346834182739,0.035697520012035966,0.04380370862781985,0.029918110332801062,0.044763516634702724,0.03757003694772715,0.03666263632476324,0.015053637325763758,0.013996971771121029,0.0163492525243783,0.021115519106388037,0.014790518209338133,0.017068739980459213,0.01307075470685954,0.014826509170234203,0.01568628050154075,0.01496925507672131,0.014759966637939215,0.014424438588321153,0.02103445306420327,0.012429621070623405,0.022837748751044273,0.016351029276847714,0.015646666288375854,0.014355108141899109,0.015190423466265037,0.013838252983987278,0.01750996336340904,0.01649695262312889,0.01132619380950925,0.017177925212308764,0.017707139253616222,0.014524459838867188,0.01911081373691559,0.012317106127738939,0.01557876169681549,0.016174286603927668,0.023811088874936215,0.016265943646430983,0.0155646838247776,0.01571357250213623,0.014639838249422665,0.014449315378442462,0.024716261134017203,0.010121900588274009,0.02740347757935524,0.01632784307003011,0.01635595411062242,0.014297141460701823,0.01480291173356818,0.015979045769199784,0.021971337497234344,0.017465174663811978,0.01689143944531679,0.016768617555499077,0.016293343389406745,0.016244129976257737,0.014715351164340931,0.014906144700944424,0.007665531709790233,0.016188889741897645,0.009287469089031226,0.014352254569530487,0.01866191253066063,0.029402461834251825,0.020193465054035145,0.016993596742395256,0.016501996666193175,0.022550791501998957,0.009268119931221036,0.039138003252446596,0.043206653557717745,0.04809681512415409,0.05059952754527336,0.042488776147365626,0.005314883776009079,0.004300689324736482,0.003667601384222563,0.0010192031040786578,0.008243435993790633,0.01725099980831147,0.02149389218538994,0.020547692314721644,0.006546767894178684,0.008845627307891846,0.025831304490566205,0.030993271153420265,0.018955986946821206,0.016010332852602054,0.039507784764282405,0.01262974552810192,0.010522068478167057,0.021259834058582786,0.00891361990943551,0.0071309357881546,0.0077959015034138055,0.03269454743713135,0.01576994732022285,0.013490837067365535,0.01839436404407024,0.0057883961126208305,0.007776524871587746,0.008284129202365879,0.011484354734420776,0.006068583112210035,0.015460155904293005,0.01686052232980728,0.015923153609037344,0.017489820718765203,0.029220961965620462,0.03596089035272593,0.037205212749540695,0.03459418006241327,0.02931987558258692,0.015817336738109533,0.012528210878372192,0.015264301560819206,0.014818487223237697,0.01446552824927494,0.015128291910514235,0.01490816730074579,0.01583355246111745,0.014060780405998174,0.014973066747188457,0.017310097813606318,0.01732397079467768,0.016271643340587685,0.016916729509830475,0.013555079698562567,0.01615609228610998,0.01594148576259613,0.0185638593975454,0.01779270777478814,0.0180757325142622,0.016014326363801956,0.021304267458617687
